node
201
 1
 21
 41
 61
 81
 101
 121
 141
 161
 181
 201
 221
 241
 261
 281
 301
 321
 341
 361
 381
 401
 421
 441
 461
 481
 501
 521
 541
 561
 581
 601
 621
 641
 661
 681
 701
 721
 741
 761
 781
 801
 821
 841
 861
 881
 901
 921
 941
 961
 981
 1001
 1021
 1041
 1061
 1081
 1101
 1121
 1141
 1161
 1181
 1201
 1221
 1241
 1261
 1281
 1301
 1321
 1341
 1361
 1381
 1401
 1421
 1441
 1461
 1481
 1501
 1521
 1541
 1561
 1581
 1601
 1621
 1641
 1661
 1681
 1701
 1721
 1741
 1761
 1781
 1801
 1821
 1841
 1861
 1881
 1901
 1921
 1941
 1961
 1981
 2001
 2021
 2041
 2061
 2081
 2101
 2121
 2141
 2161
 2181
 2201
 2221
 2241
 2261
 2281
 2301
 2321
 2341
 2361
 2381
 2401
 2421
 2441
 2461
 2481
 2501
 2521
 2541
 2561
 2581
 2601
 2621
 2641
 2661
 2681
 2701
 2721
 2741
 2761
 2781
 2801
 2821
 2841
 2861
 2881
 2901
 2921
 2941
 2961
 2981
 3001
 3021
 3041
 3061
 3081
 3101
 3121
 3141
 3161
 3181
 3201
 3221
 3241
 3261
 3281
 3301
 3321
 3341
 3361
 3381
 3401
 3421
 3441
 3461
 3481
 3501
 3521
 3541
 3561
 3581
 3601
 3621
 3641
 3661
 3681
 3701
 3721
 3741
 3761
 3781
 3801
 3821
 3841
 3861
 3881
 3901
 3921
 3941
 3961
 3981
 4001

stop
