TITLE = "FEHM V3.2.0lin 13-12-17 QA:NA  12/17/2013  15:11:35 # tut1_INPUT.dat"
FILETYPE = "SOLUTION"
VARIABLES = "node" "Liquid Pressure (MPa)" "Vapor Pressure (MPa)" "Temperature (<sup>o</sup>C)"
ZONE T ="Simulation time   4.75000000    days", N =     1331, E =     1000, DATAPACKING = POINT, ZONETYPE = FEBRICK, STRANDID = 0, SOLUTIONTIME =   4.75000000
 0000000001    6.00000000    6.00000000    80.0000000
 0000000002    6.00000000    6.00000000    80.0000000
 0000000003    6.00000000    6.00000000    80.0000000
 0000000004    6.00000000    6.00000000    80.0000000
 0000000005    6.00000000    6.00000000    80.0000000
 0000000006    6.00000000    6.00000000    80.0000000
 0000000007    6.00000000    6.00000000    80.0000000
 0000000008    6.00000000    6.00000000    80.0000000
 0000000009    6.00000000    6.00000000    80.0000000
 0000000010    6.00000000    6.00000000    80.0000000
 0000000011    6.00000000    6.00000000    80.0000000
 0000000012    5.80337384    5.80337384    80.0000000
 0000000013    5.80337385    5.80337385    80.0000000
 0000000014    5.80337387    5.80337387    80.0000000
 0000000015    5.80337391    5.80337391    80.0000000
 0000000016    5.80337393    5.80337393    80.0000000
 0000000017    5.80337394    5.80337394    80.0000000
 0000000018    5.80337393    5.80337393    80.0000000
 0000000019    5.80337391    5.80337391    80.0000000
 0000000020    5.80337387    5.80337387    80.0000000
 0000000021    5.80337385    5.80337385    80.0000000
 0000000022    5.80337384    5.80337384    80.0000000
 0000000023    5.60579617    5.60579617    80.0000000
 0000000024    5.60579619    5.60579619    80.0000000
 0000000025    5.60579626    5.60579626    80.0000000
 0000000026    5.60579633    5.60579633    80.0000000
 0000000027    5.60579639    5.60579639    80.0000000
 0000000028    5.60579641    5.60579641    80.0000000
 0000000029    5.60579639    5.60579639    80.0000000
 0000000030    5.60579633    5.60579633    80.0000000
 0000000031    5.60579626    5.60579626    80.0000000
 0000000032    5.60579619    5.60579619    80.0000000
 0000000033    5.60579617    5.60579617    80.0000000
 0000000034    5.40747125    5.40747125    80.0000000
 0000000035    5.40747130    5.40747130    80.0000000
 0000000036    5.40747141    5.40747141    80.0000000
 0000000037    5.40747155    5.40747155    80.0000000
 0000000038    5.40747166    5.40747166    80.0000000
 0000000039    5.40747170    5.40747170    80.0000000
 0000000040    5.40747166    5.40747166    80.0000000
 0000000041    5.40747155    5.40747155    80.0000000
 0000000042    5.40747141    5.40747141    80.0000000
 0000000043    5.40747130    5.40747130    80.0000000
 0000000044    5.40747125    5.40747125    80.0000000
 0000000045    5.20849000    5.20849000    80.0000000
 0000000046    5.20849009    5.20849009    80.0000000
 0000000047    5.20849030    5.20849030    80.0000000
 0000000048    5.20849054    5.20849054    80.0000000
 0000000049    5.20849072    5.20849072    80.0000000
 0000000050    5.20849079    5.20849079    80.0000000
 0000000051    5.20849072    5.20849072    80.0000000
 0000000052    5.20849054    5.20849054    80.0000000
 0000000053    5.20849030    5.20849030    80.0000000
 0000000054    5.20849009    5.20849009    80.0000000
 0000000055    5.20849000    5.20849000    80.0000000
 0000000056    5.00889246    5.00889246    80.0000000
 0000000057    5.00889262    5.00889262    80.0000000
 0000000058    5.00889298    5.00889298    80.0000000
 0000000059    5.00889339    5.00889339    80.0000000
 0000000060    5.00889369    5.00889369    80.0000000
 0000000061    5.00889379    5.00889379    80.0000000
 0000000062    5.00889369    5.00889369    80.0000000
 0000000063    5.00889339    5.00889339    80.0000000
 0000000064    5.00889298    5.00889298    80.0000000
 0000000065    5.00889262    5.00889262    80.0000000
 0000000066    5.00889246    5.00889246    80.0000000
 0000000067    4.80867917    4.80867917    80.0000000
 0000000068    4.80867945    4.80867945    80.0000000
 0000000069    4.80868006    4.80868006    80.0000000
 0000000070    4.80868070    4.80868070    80.0000000
 0000000071    4.80868115    4.80868115    80.0000000
 0000000072    4.80868131    4.80868131    80.0000000
 0000000073    4.80868115    4.80868115    80.0000000
 0000000074    4.80868070    4.80868070    80.0000000
 0000000075    4.80868006    4.80868006    80.0000000
 0000000076    4.80867945    4.80867945    80.0000000
 0000000077    4.80867917    4.80867917    80.0000000
 0000000078    4.60780931    4.60780931    80.0000000
 0000000079    4.60780983    4.60780983    80.0000000
 0000000080    4.60781081    4.60781081    80.0000000
 0000000081    4.60781174    4.60781174    80.0000000
 0000000082    4.60781234    4.60781234    80.0000000
 0000000083    4.60781255    4.60781255    80.0000000
 0000000084    4.60781234    4.60781234    80.0000000
 0000000085    4.60781174    4.60781174    80.0000000
 0000000086    4.60781081    4.60781081    80.0000000
 0000000087    4.60780983    4.60780983    80.0000000
 0000000088    4.60780931    4.60780931    80.0000000
 0000000089    4.40619248    4.40619248    80.0000000
 0000000090    4.40619337    4.40619337    80.0000000
 0000000091    4.40619477    4.40619477    80.0000000
 0000000092    4.40619591    4.40619591    80.0000000
 0000000093    4.40619660    4.40619660    80.0000000
 0000000094    4.40619682    4.40619682    80.0000000
 0000000095    4.40619660    4.40619660    80.0000000
 0000000096    4.40619591    4.40619591    80.0000000
 0000000097    4.40619477    4.40619477    80.0000000
 0000000098    4.40619337    4.40619337    80.0000000
 0000000099    4.40619248    4.40619248    80.0000000
 0000000100    4.20367292    4.20367292    80.0000000
 0000000101    4.20367413    4.20367413    80.0000000
 0000000102    4.20367554    4.20367554    80.0000000
 0000000103    4.20367650    4.20367650    80.0000000
 0000000104    4.20367701    4.20367701    80.0000000
 0000000105    4.20367718    4.20367718    80.0000000
 0000000106    4.20367701    4.20367701    80.0000000
 0000000107    4.20367650    4.20367650    80.0000000
 0000000108    4.20367554    4.20367554    80.0000000
 0000000109    4.20367413    4.20367413    80.0000000
 0000000110    4.20367292    4.20367292    80.0000000
 0000000111    4.00000000    4.00000000    80.0000000
 0000000112    4.00000000    4.00000000    80.0000000
 0000000113    4.00000000    4.00000000    80.0000000
 0000000114    4.00000000    4.00000000    80.0000000
 0000000115    4.00000000    4.00000000    80.0000000
 0000000116    4.00000000    4.00000000    80.0000000
 0000000117    4.00000000    4.00000000    80.0000000
 0000000118    4.00000000    4.00000000    80.0000000
 0000000119    4.00000000    4.00000000    80.0000000
 0000000120    4.00000000    4.00000000    80.0000000
 0000000121    4.00000000    4.00000000    80.0000000
 0000000122    6.00000000    6.00000000    63.7490389
 0000000123    6.00000000    6.00000000    63.7490390
 0000000124    6.00000000    6.00000000    63.7490391
 0000000125    6.00000000    6.00000000    63.7490392
 0000000126    6.00000000    6.00000000    63.7490393
 0000000127    6.00000000    6.00000000    63.7490393
 0000000128    6.00000000    6.00000000    63.7490393
 0000000129    6.00000000    6.00000000    63.7490392
 0000000130    6.00000000    6.00000000    63.7490391
 0000000131    6.00000000    6.00000000    63.7490390
 0000000132    6.00000000    6.00000000    63.7490389
 0000000133    5.79961692    5.79961692    64.4812693
 0000000134    5.79961694    5.79961694    64.4812693
 0000000135    5.79961697    5.79961697    64.4812693
 0000000136    5.79961702    5.79961702    64.4812694
 0000000137    5.79961705    5.79961705    64.4812694
 0000000138    5.79961707    5.79961707    64.4812694
 0000000139    5.79961705    5.79961705    64.4812694
 0000000140    5.79961702    5.79961702    64.4812694
 0000000141    5.79961697    5.79961697    64.4812693
 0000000142    5.79961694    5.79961694    64.4812693
 0000000143    5.79961692    5.79961692    64.4812693
 0000000144    5.60078325    5.60078325    64.6420718
 0000000145    5.60078329    5.60078329    64.6420718
 0000000146    5.60078338    5.60078338    64.6420718
 0000000147    5.60078349    5.60078349    64.6420719
 0000000148    5.60078357    5.60078357    64.6420719
 0000000149    5.60078361    5.60078361    64.6420719
 0000000150    5.60078357    5.60078357    64.6420719
 0000000151    5.60078349    5.60078349    64.6420719
 0000000152    5.60078338    5.60078338    64.6420718
 0000000153    5.60078329    5.60078329    64.6420718
 0000000154    5.60078325    5.60078325    64.6420718
 0000000155    5.40190312    5.40190312    64.6757060
 0000000156    5.40190320    5.40190320    64.6757060
 0000000157    5.40190340    5.40190340    64.6757060
 0000000158    5.40190362    5.40190362    64.6757060
 0000000159    5.40190379    5.40190379    64.6757060
 0000000160    5.40190385    5.40190385    64.6757060
 0000000161    5.40190379    5.40190379    64.6757060
 0000000162    5.40190362    5.40190362    64.6757060
 0000000163    5.40190340    5.40190340    64.6757060
 0000000164    5.40190320    5.40190320    64.6757060
 0000000165    5.40190312    5.40190312    64.6757060
 0000000166    5.20267791    5.20267791    64.6822875
 0000000167    5.20267808    5.20267808    64.6822874
 0000000168    5.20267848    5.20267848    64.6822874
 0000000169    5.20267892    5.20267892    64.6822874
 0000000170    5.20267923    5.20267923    64.6822874
 0000000171    5.20267935    5.20267935    64.6822874
 0000000172    5.20267923    5.20267923    64.6822874
 0000000173    5.20267892    5.20267892    64.6822874
 0000000174    5.20267848    5.20267848    64.6822874
 0000000175    5.20267808    5.20267808    64.6822874
 0000000176    5.20267791    5.20267791    64.6822875
 0000000177    5.00307686    5.00307686    64.6829746
 0000000178    5.00307726    5.00307726    64.6829730
 0000000179    5.00307810    5.00307810    64.6829721
 0000000180    5.00307894    5.00307894    64.6829719
 0000000181    5.00307952    5.00307952    64.6829718
 0000000182    5.00307972    5.00307972    64.6829718
 0000000183    5.00307952    5.00307952    64.6829718
 0000000184    5.00307894    5.00307894    64.6829719
 0000000185    5.00307810    5.00307810    64.6829721
 0000000186    5.00307726    5.00307726    64.6829730
 0000000187    5.00307686    5.00307686    64.6829746
 0000000188    4.80311104    4.80311104    64.6821546
 0000000189    4.80311206    4.80311206    64.6821335
 0000000190    4.80311386    4.80311386    64.6821237
 0000000191    4.80311546    4.80311546    64.6821213
 0000000192    4.80311647    4.80311647    64.6821209
 0000000193    4.80311681    4.80311681    64.6821208
 0000000194    4.80311647    4.80311647    64.6821209
 0000000195    4.80311546    4.80311546    64.6821213
 0000000196    4.80311386    4.80311386    64.6821237
 0000000197    4.80311206    4.80311206    64.6821335
 0000000198    4.80311104    4.80311104    64.6821546
 0000000199    4.60278955    4.60278955    64.6814769
 0000000200    4.60279250    4.60279250    64.6811999
 0000000201    4.60279647    4.60279647    64.6811004
 0000000202    4.60279938    4.60279938    64.6810796
 0000000203    4.60280100    4.60280100    64.6810762
 0000000204    4.60280151    4.60280151    64.6810758
 0000000205    4.60280100    4.60280100    64.6810762
 0000000206    4.60279938    4.60279938    64.6810796
 0000000207    4.60279647    4.60279647    64.6811004
 0000000208    4.60279250    4.60279250    64.6811999
 0000000209    4.60278955    4.60278955    64.6814769
 0000000210    4.40211629    4.40211629    64.6891148
 0000000211    4.40212577    4.40212577    64.6854350
 0000000212    4.40213429    4.40213429    64.6844867
 0000000213    4.40213908    4.40213908    64.6843296
 0000000214    4.40214132    4.40214132    64.6843079
 0000000215    4.40214196    4.40214196    64.6843056
 0000000216    4.40214132    4.40214132    64.6843079
 0000000217    4.40213908    4.40213908    64.6843296
 0000000218    4.40213429    4.40213429    64.6844867
 0000000219    4.40212577    4.40212577    64.6854350
 0000000220    4.40211629    4.40211629    64.6891148
 0000000221    4.20111094    4.20111094    64.7820515
 0000000222    4.20113935    4.20113935    64.7325318
 0000000223    4.20115420    4.20115420    64.7244466
 0000000224    4.20115997    4.20115997    64.7234613
 0000000225    4.20116210    4.20116210    64.7233531
 0000000226    4.20116264    4.20116264    64.7233429
 0000000227    4.20116210    4.20116210    64.7233531
 0000000228    4.20115997    4.20115997    64.7234613
 0000000229    4.20115420    4.20115420    64.7244466
 0000000230    4.20113935    4.20113935    64.7325318
 0000000231    4.20111094    4.20111094    64.7820515
 0000000232    4.00000000    4.00000000    65.6747201
 0000000233    4.00000000    4.00000000    64.9997400
 0000000234    4.00000000    4.00000000    64.9482191
 0000000235    4.00000000    4.00000000    64.9441493
 0000000236    4.00000000    4.00000000    64.9438161
 0000000237    4.00000000    4.00000000    64.9437902
 0000000238    4.00000000    4.00000000    64.9438161
 0000000239    4.00000000    4.00000000    64.9441493
 0000000240    4.00000000    4.00000000    64.9482191
 0000000241    4.00000000    4.00000000    64.9997400
 0000000242    4.00000000    4.00000000    65.6747201
 0000000243    6.00000000    6.00000000    60.5778064
 0000000244    6.00000000    6.00000000    60.5778064
 0000000245    6.00000000    6.00000000    60.5778064
 0000000246    6.00000000    6.00000000    60.5778065
 0000000247    6.00000000    6.00000000    60.5778065
 0000000248    6.00000000    6.00000000    60.5778065
 0000000249    6.00000000    6.00000000    60.5778065
 0000000250    6.00000000    6.00000000    60.5778065
 0000000251    6.00000000    6.00000000    60.5778064
 0000000252    6.00000000    6.00000000    60.5778064
 0000000253    6.00000000    6.00000000    60.5778064
 0000000254    5.79909646    5.79909646    60.7628834
 0000000255    5.79909647    5.79909647    60.7628834
 0000000256    5.79909649    5.79909649    60.7628834
 0000000257    5.79909652    5.79909652    60.7628834
 0000000258    5.79909654    5.79909654    60.7628834
 0000000259    5.79909655    5.79909655    60.7628834
 0000000260    5.79909654    5.79909654    60.7628834
 0000000261    5.79909652    5.79909652    60.7628834
 0000000262    5.79909649    5.79909649    60.7628834
 0000000263    5.79909647    5.79909647    60.7628834
 0000000264    5.79909646    5.79909646    60.7628834
 0000000265    5.59880537    5.59880537    60.8186337
 0000000266    5.59880539    5.59880539    60.8186337
 0000000267    5.59880544    5.59880544    60.8186337
 0000000268    5.59880551    5.59880551    60.8186337
 0000000269    5.59880556    5.59880556    60.8186337
 0000000270    5.59880557    5.59880557    60.8186337
 0000000271    5.59880556    5.59880556    60.8186337
 0000000272    5.59880551    5.59880551    60.8186337
 0000000273    5.59880544    5.59880544    60.8186337
 0000000274    5.59880539    5.59880539    60.8186337
 0000000275    5.59880537    5.59880537    60.8186337
 0000000276    5.39874833    5.39874833    60.8324537
 0000000277    5.39874837    5.39874837    60.8324537
 0000000278    5.39874848    5.39874848    60.8324537
 0000000279    5.39874860    5.39874860    60.8324537
 0000000280    5.39874870    5.39874870    60.8324537
 0000000281    5.39874873    5.39874873    60.8324537
 0000000282    5.39874870    5.39874870    60.8324537
 0000000283    5.39874860    5.39874860    60.8324537
 0000000284    5.39874848    5.39874848    60.8324537
 0000000285    5.39874837    5.39874837    60.8324537
 0000000286    5.39874833    5.39874833    60.8324537
 0000000287    5.19879041    5.19879041    60.8349498
 0000000288    5.19879049    5.19879049    60.8349498
 0000000289    5.19879070    5.19879070    60.8349497
 0000000290    5.19879092    5.19879092    60.8349497
 0000000291    5.19879109    5.19879109    60.8349497
 0000000292    5.19879115    5.19879115    60.8349497
 0000000293    5.19879109    5.19879109    60.8349497
 0000000294    5.19879092    5.19879092    60.8349497
 0000000295    5.19879070    5.19879070    60.8349497
 0000000296    5.19879049    5.19879049    60.8349498
 0000000297    5.19879041    5.19879041    60.8349498
 0000000298    4.99888852    4.99888852    60.8345901
 0000000299    4.99888869    4.99888869    60.8345893
 0000000300    4.99888907    4.99888907    60.8345888
 0000000301    4.99888948    4.99888948    60.8345886
 0000000302    4.99888977    4.99888977    60.8345886
 0000000303    4.99888987    4.99888987    60.8345886
 0000000304    4.99888977    4.99888977    60.8345886
 0000000305    4.99888948    4.99888948    60.8345886
 0000000306    4.99888907    4.99888907    60.8345888
 0000000307    4.99888869    4.99888869    60.8345893
 0000000308    4.99888852    4.99888852    60.8345901
 0000000309    4.79902848    4.79902848    60.8335063
 0000000310    4.79902885    4.79902885    60.8334982
 0000000311    4.79902958    4.79902958    60.8334934
 0000000312    4.79903028    4.79903028    60.8334920
 0000000313    4.79903075    4.79903075    60.8334917
 0000000314    4.79903091    4.79903091    60.8334916
 0000000315    4.79903075    4.79903075    60.8334917
 0000000316    4.79903028    4.79903028    60.8334920
 0000000317    4.79902958    4.79902958    60.8334934
 0000000318    4.79902885    4.79902885    60.8334982
 0000000319    4.79902848    4.79902848    60.8335063
 0000000320    4.59920537    4.59920537    60.8325985
 0000000321    4.59920626    4.59920626    60.8325128
 0000000322    4.59920767    4.59920767    60.8324726
 0000000323    4.59920883    4.59920883    60.8324623
 0000000324    4.59920952    4.59920952    60.8324603
 0000000325    4.59920975    4.59920975    60.8324600
 0000000326    4.59920952    4.59920952    60.8324603
 0000000327    4.59920883    4.59920883    60.8324623
 0000000328    4.59920767    4.59920767    60.8324726
 0000000329    4.59920626    4.59920626    60.8325128
 0000000330    4.59920537    4.59920537    60.8325985
 0000000331    4.39941675    4.39941675    60.8354707
 0000000332    4.39941906    4.39941906    60.8346164
 0000000333    4.39942166    4.39942166    60.8343066
 0000000334    4.39942336    4.39942336    60.8342407
 0000000335    4.39942425    4.39942425    60.8342296
 0000000336    4.39942452    4.39942452    60.8342282
 0000000337    4.39942425    4.39942425    60.8342296
 0000000338    4.39942336    4.39942336    60.8342407
 0000000339    4.39942166    4.39942166    60.8343066
 0000000340    4.39941906    4.39941906    60.8346164
 0000000341    4.39941675    4.39941675    60.8354707
 0000000342    4.19966318    4.19966318    60.8688183
 0000000343    4.19966857    4.19966857    60.8611069
 0000000344    4.19967242    4.19967242    60.8590737
 0000000345    4.19967426    4.19967426    60.8587284
 0000000346    4.19967504    4.19967504    60.8586794
 0000000347    4.19967525    4.19967525    60.8586738
 0000000348    4.19967504    4.19967504    60.8586794
 0000000349    4.19967426    4.19967426    60.8587284
 0000000350    4.19967242    4.19967242    60.8590737
 0000000351    4.19966857    4.19966857    60.8611069
 0000000352    4.19966318    4.19966318    60.8688183
 0000000353    4.00000000    4.00000000    61.1134358
 0000000354    4.00000000    4.00000000    61.0592139
 0000000355    4.00000000    4.00000000    61.0497537
 0000000356    4.00000000    4.00000000    61.0485140
 0000000357    4.00000000    4.00000000    61.0483670
 0000000358    4.00000000    4.00000000    61.0483522
 0000000359    4.00000000    4.00000000    61.0483670
 0000000360    4.00000000    4.00000000    61.0485140
 0000000361    4.00000000    4.00000000    61.0497537
 0000000362    4.00000000    4.00000000    61.0592139
 0000000363    4.00000000    4.00000000    61.1134358
 0000000364    6.00000000    6.00000000    60.0789648
 0000000365    6.00000000    6.00000000    60.0789648
 0000000366    6.00000000    6.00000000    60.0789648
 0000000367    6.00000000    6.00000000    60.0789648
 0000000368    6.00000000    6.00000000    60.0789648
 0000000369    6.00000000    6.00000000    60.0789648
 0000000370    6.00000000    6.00000000    60.0789648
 0000000371    6.00000000    6.00000000    60.0789648
 0000000372    6.00000000    6.00000000    60.0789648
 0000000373    6.00000000    6.00000000    60.0789648
 0000000374    6.00000000    6.00000000    60.0789648
 0000000375    5.79729999    5.79729999    60.1192881
 0000000376    5.79729999    5.79729999    60.1192881
 0000000377    5.79730000    5.79730000    60.1192881
 0000000378    5.79730002    5.79730002    60.1192881
 0000000379    5.79730003    5.79730003    60.1192881
 0000000380    5.79730003    5.79730003    60.1192881
 0000000381    5.79730003    5.79730003    60.1192881
 0000000382    5.79730002    5.79730002    60.1192881
 0000000383    5.79730000    5.79730000    60.1192881
 0000000384    5.79729999    5.79729999    60.1192881
 0000000385    5.79729999    5.79729999    60.1192881
 0000000386    5.59550112    5.59550112    60.1335782
 0000000387    5.59550112    5.59550112    60.1335782
 0000000388    5.59550115    5.59550115    60.1335782
 0000000389    5.59550118    5.59550118    60.1335782
 0000000390    5.59550120    5.59550120    60.1335782
 0000000391    5.59550121    5.59550121    60.1335782
 0000000392    5.59550120    5.59550120    60.1335782
 0000000393    5.59550118    5.59550118    60.1335782
 0000000394    5.59550115    5.59550115    60.1335782
 0000000395    5.59550112    5.59550112    60.1335782
 0000000396    5.59550112    5.59550112    60.1335782
 0000000397    5.39437263    5.39437263    60.1370634
 0000000398    5.39437265    5.39437265    60.1370634
 0000000399    5.39437270    5.39437270    60.1370634
 0000000400    5.39437275    5.39437275    60.1370634
 0000000401    5.39437279    5.39437279    60.1370634
 0000000402    5.39437280    5.39437280    60.1370634
 0000000403    5.39437279    5.39437279    60.1370634
 0000000404    5.39437275    5.39437275    60.1370634
 0000000405    5.39437270    5.39437270    60.1370634
 0000000406    5.39437265    5.39437265    60.1370634
 0000000407    5.39437263    5.39437263    60.1370634
 0000000408    5.19377207    5.19377207    60.1371531
 0000000409    5.19377210    5.19377210    60.1371531
 0000000410    5.19377217    5.19377217    60.1371531
 0000000411    5.19377226    5.19377226    60.1371531
 0000000412    5.19377233    5.19377233    60.1371531
 0000000413    5.19377236    5.19377236    60.1371531
 0000000414    5.19377233    5.19377233    60.1371531
 0000000415    5.19377226    5.19377226    60.1371531
 0000000416    5.19377217    5.19377217    60.1371531
 0000000417    5.19377210    5.19377210    60.1371531
 0000000418    5.19377207    5.19377207    60.1371531
 0000000419    4.99362188    4.99362188    60.1363032
 0000000420    4.99362193    4.99362193    60.1363030
 0000000421    4.99362206    4.99362206    60.1363028
 0000000422    4.99362220    4.99362220    60.1363027
 0000000423    4.99362231    4.99362231    60.1363027
 0000000424    4.99362235    4.99362235    60.1363027
 0000000425    4.99362231    4.99362231    60.1363027
 0000000426    4.99362220    4.99362220    60.1363027
 0000000427    4.99362206    4.99362206    60.1363028
 0000000428    4.99362193    4.99362193    60.1363030
 0000000429    4.99362188    4.99362188    60.1363032
 0000000430    4.79389126    4.79389126    60.1352136
 0000000431    4.79389136    4.79389136    60.1352117
 0000000432    4.79389157    4.79389157    60.1352103
 0000000433    4.79389180    4.79389180    60.1352099
 0000000434    4.79389195    4.79389195    60.1352097
 0000000435    4.79389201    4.79389201    60.1352097
 0000000436    4.79389195    4.79389195    60.1352097
 0000000437    4.79389180    4.79389180    60.1352099
 0000000438    4.79389157    4.79389157    60.1352103
 0000000439    4.79389136    4.79389136    60.1352117
 0000000440    4.79389126    4.79389126    60.1352136
 0000000441    4.59458923    4.59458923    60.1341686
 0000000442    4.59458942    4.59458942    60.1341517
 0000000443    4.59458978    4.59458978    60.1341418
 0000000444    4.59459011    4.59459011    60.1341388
 0000000445    4.59459032    4.59459032    60.1341381
 0000000446    4.59459039    4.59459039    60.1341380
 0000000447    4.59459032    4.59459032    60.1341381
 0000000448    4.59459011    4.59459011    60.1341388
 0000000449    4.59458978    4.59458978    60.1341418
 0000000450    4.59458942    4.59458942    60.1341517
 0000000451    4.59458923    4.59458923    60.1341686
 0000000452    4.39576472    4.39576472    60.1340081
 0000000453    4.39576512    4.39576512    60.1338736
 0000000454    4.39576568    4.39576568    60.1338096
 0000000455    4.39576610    4.39576610    60.1337929
 0000000456    4.39576635    4.39576635    60.1337895
 0000000457    4.39576643    4.39576643    60.1337891
 0000000458    4.39576635    4.39576635    60.1337895
 0000000459    4.39576610    4.39576610    60.1337929
 0000000460    4.39576568    4.39576568    60.1338096
 0000000461    4.39576512    4.39576512    60.1338736
 0000000462    4.39576472    4.39576472    60.1340081
 0000000463    4.19751322    4.19751322    60.1400445
 0000000464    4.19751396    4.19751396    60.1391262
 0000000465    4.19751466    4.19751466    60.1387833
 0000000466    4.19751507    4.19751507    60.1387082
 0000000467    4.19751527    4.19751527    60.1386951
 0000000468    4.19751533    4.19751533    60.1386933
 0000000469    4.19751527    4.19751527    60.1386951
 0000000470    4.19751507    4.19751507    60.1387082
 0000000471    4.19751466    4.19751466    60.1387833
 0000000472    4.19751396    4.19751396    60.1391262
 0000000473    4.19751322    4.19751322    60.1400445
 0000000474    4.00000000    4.00000000    60.1842676
 0000000475    4.00000000    4.00000000    60.1797940
 0000000476    4.00000000    4.00000000    60.1785224
 0000000477    4.00000000    4.00000000    60.1782892
 0000000478    4.00000000    4.00000000    60.1782534
 0000000479    4.00000000    4.00000000    60.1782491
 0000000480    4.00000000    4.00000000    60.1782534
 0000000481    4.00000000    4.00000000    60.1782892
 0000000482    4.00000000    4.00000000    60.1785224
 0000000483    4.00000000    4.00000000    60.1797940
 0000000484    4.00000000    4.00000000    60.1842676
 0000000485    6.00000000    6.00000000    60.0156514
 0000000486    6.00000000    6.00000000    60.0156514
 0000000487    6.00000000    6.00000000    60.0156514
 0000000488    6.00000000    6.00000000    60.0156514
 0000000489    6.00000000    6.00000000    60.0156514
 0000000490    6.00000000    6.00000000    60.0156514
 0000000491    6.00000000    6.00000000    60.0156514
 0000000492    6.00000000    6.00000000    60.0156514
 0000000493    6.00000000    6.00000000    60.0156514
 0000000494    6.00000000    6.00000000    60.0156514
 0000000495    6.00000000    6.00000000    60.0156514
 0000000496    5.32627103    5.32627103    60.0192059
 0000000497    5.32627103    5.32627103    60.0192059
 0000000498    5.32627103    5.32627103    60.0192059
 0000000499    5.32627103    5.32627103    60.0192059
 0000000500    5.32627103    5.32627103    60.0192059
 0000000501    5.32627103    5.32627103    60.0192059
 0000000502    5.32627103    5.32627103    60.0192059
 0000000503    5.32627103    5.32627103    60.0192059
 0000000504    5.32627103    5.32627103    60.0192059
 0000000505    5.32627103    5.32627103    60.0192059
 0000000506    5.32627103    5.32627103    60.0192059
 0000000507    5.18493291    5.18493291    60.0204457
 0000000508    5.18493292    5.18493292    60.0204457
 0000000509    5.18493292    5.18493292    60.0204457
 0000000510    5.18493292    5.18493292    60.0204457
 0000000511    5.18493293    5.18493293    60.0204457
 0000000512    5.18493293    5.18493293    60.0204457
 0000000513    5.18493293    5.18493293    60.0204457
 0000000514    5.18493292    5.18493292    60.0204457
 0000000515    5.18493292    5.18493292    60.0204457
 0000000516    5.18493292    5.18493292    60.0204457
 0000000517    5.18493291    5.18493291    60.0204457
 0000000518    5.12246695    5.12246695    60.0205487
 0000000519    5.12246695    5.12246695    60.0205487
 0000000520    5.12246696    5.12246696    60.0205487
 0000000521    5.12246696    5.12246696    60.0205487
 0000000522    5.12246697    5.12246697    60.0205487
 0000000523    5.12246697    5.12246697    60.0205487
 0000000524    5.12246697    5.12246697    60.0205487
 0000000525    5.12246696    5.12246696    60.0205487
 0000000526    5.12246696    5.12246696    60.0205487
 0000000527    5.12246695    5.12246695    60.0205487
 0000000528    5.12246695    5.12246695    60.0205487
 0000000529    5.06779279    5.06779279    60.0201888
 0000000530    5.06779279    5.06779279    60.0201888
 0000000531    5.06779279    5.06779279    60.0201888
 0000000532    5.06779279    5.06779279    60.0201888
 0000000533    5.06779280    5.06779280    60.0201888
 0000000534    5.06779281    5.06779281    60.0201888
 0000000535    5.06779280    5.06779280    60.0201888
 0000000536    5.06779279    5.06779279    60.0201888
 0000000537    5.06779279    5.06779279    60.0201888
 0000000538    5.06779279    5.06779279    60.0201888
 0000000539    5.06779279    5.06779279    60.0201888
 0000000540    5.01380224    5.01380224    60.0196760
 0000000541    5.01380219    5.01380219    60.0196760
 0000000542    5.01380215    5.01380215    60.0196759
 0000000543    5.01380214    5.01380214    60.0196759
 0000000544    5.01380214    5.01380214    60.0196759
 0000000545    5.01380215    5.01380215    60.0196759
 0000000546    5.01380214    5.01380214    60.0196759
 0000000547    5.01380214    5.01380214    60.0196759
 0000000548    5.01380215    5.01380215    60.0196759
 0000000549    5.01380219    5.01380219    60.0196760
 0000000550    5.01380224    5.01380224    60.0196760
 0000000551    4.95991896    4.95991896    60.0191197
 0000000552    4.95991853    4.95991853    60.0191193
 0000000553    4.95991816    4.95991816    60.0191190
 0000000554    4.95991802    4.95991802    60.0191189
 0000000555    4.95991799    4.95991799    60.0191188
 0000000556    4.95991799    4.95991799    60.0191188
 0000000557    4.95991799    4.95991799    60.0191188
 0000000558    4.95991802    4.95991802    60.0191189
 0000000559    4.95991816    4.95991816    60.0191190
 0000000560    4.95991853    4.95991853    60.0191193
 0000000561    4.95991896    4.95991896    60.0191197
 0000000562    4.90545310    4.90545310    60.0185514
 0000000563    4.90545019    4.90545019    60.0185484
 0000000564    4.90544793    4.90544793    60.0185463
 0000000565    4.90544709    4.90544709    60.0185455
 0000000566    4.90544688    4.90544688    60.0185453
 0000000567    4.90544684    4.90544684    60.0185453
 0000000568    4.90544688    4.90544688    60.0185453
 0000000569    4.90544709    4.90544709    60.0185455
 0000000570    4.90544793    4.90544793    60.0185463
 0000000571    4.90545019    4.90545019    60.0185484
 0000000572    4.90545310    4.90545310    60.0185514
 0000000573    4.84300804    4.84300804    60.0179842
 0000000574    4.84299131    4.84299131    60.0179649
 0000000575    4.84298001    4.84298001    60.0179532
 0000000576    4.84297620    4.84297620    60.0179495
 0000000577    4.84297527    4.84297527    60.0179487
 0000000578    4.84297511    4.84297511    60.0179485
 0000000579    4.84297527    4.84297527    60.0179487
 0000000580    4.84297620    4.84297620    60.0179495
 0000000581    4.84298001    4.84298001    60.0179532
 0000000582    4.84299131    4.84299131    60.0179649
 0000000583    4.84300804    4.84300804    60.0179842
 0000000584    4.70004478    4.70004478    60.0176156
 0000000585    4.69997549    4.69997549    60.0175120
 0000000586    4.69993576    4.69993576    60.0174607
 0000000587    4.69992385    4.69992385    60.0174468
 0000000588    4.69992119    4.69992119    60.0174439
 0000000589    4.69992076    4.69992076    60.0174435
 0000000590    4.69992119    4.69992119    60.0174439
 0000000591    4.69992385    4.69992385    60.0174468
 0000000592    4.69993576    4.69993576    60.0174607
 0000000593    4.69997549    4.69997549    60.0175120
 0000000594    4.70004478    4.70004478    60.0176156
 0000000595    4.00000000    4.00000000    60.0196559
 0000000596    4.00000000    4.00000000    60.0192885
 0000000597    4.00000000    4.00000000    60.0191419
 0000000598    4.00000000    4.00000000    60.0191077
 0000000599    4.00000000    4.00000000    60.0191013
 0000000600    4.00000000    4.00000000    60.0191004
 0000000601    4.00000000    4.00000000    60.0191013
 0000000602    4.00000000    4.00000000    60.0191077
 0000000603    4.00000000    4.00000000    60.0191419
 0000000604    4.00000000    4.00000000    60.0192885
 0000000605    4.00000000    4.00000000    60.0196559
 0000000606    6.00000000    6.00000000    60.0046072
 0000000607    6.00000000    6.00000000    60.0046072
 0000000608    6.00000000    6.00000000    60.0046072
 0000000609    6.00000000    6.00000000    60.0046072
 0000000610    6.00000000    6.00000000    60.0046072
 0000000611    6.00000000    6.00000000    60.0046072
 0000000612    6.00000000    6.00000000    60.0046072
 0000000613    6.00000000    6.00000000    60.0046072
 0000000614    6.00000000    6.00000000    60.0046072
 0000000615    6.00000000    6.00000000    60.0046072
 0000000616    6.00000000    6.00000000    60.0046072
 0000000617    5.18418453    5.18418453    60.0034560
 0000000618    5.18418453    5.18418453    60.0034560
 0000000619    5.18418453    5.18418453    60.0034560
 0000000620    5.18418453    5.18418453    60.0034560
 0000000621    5.18418453    5.18418453    60.0034560
 0000000622    5.18418453    5.18418453    60.0034560
 0000000623    5.18418453    5.18418453    60.0034560
 0000000624    5.18418453    5.18418453    60.0034560
 0000000625    5.18418453    5.18418453    60.0034560
 0000000626    5.18418453    5.18418453    60.0034560
 0000000627    5.18418453    5.18418453    60.0034560
 0000000628    5.05195277    5.05195277    60.0027380
 0000000629    5.05195277    5.05195277    60.0027380
 0000000630    5.05195277    5.05195277    60.0027380
 0000000631    5.05195277    5.05195277    60.0027380
 0000000632    5.05195277    5.05195277    60.0027380
 0000000633    5.05195277    5.05195277    60.0027380
 0000000634    5.05195277    5.05195277    60.0027380
 0000000635    5.05195277    5.05195277    60.0027380
 0000000636    5.05195277    5.05195277    60.0027380
 0000000637    5.05195277    5.05195277    60.0027380
 0000000638    5.05195277    5.05195277    60.0027380
 0000000639    5.02752772    5.02752772    60.0024146
 0000000640    5.02752772    5.02752772    60.0024146
 0000000641    5.02752772    5.02752772    60.0024146
 0000000642    5.02752772    5.02752772    60.0024146
 0000000643    5.02752772    5.02752772    60.0024146
 0000000644    5.02752772    5.02752772    60.0024146
 0000000645    5.02752772    5.02752772    60.0024146
 0000000646    5.02752772    5.02752772    60.0024146
 0000000647    5.02752772    5.02752772    60.0024146
 0000000648    5.02752772    5.02752772    60.0024146
 0000000649    5.02752772    5.02752772    60.0024146
 0000000650    5.01452159    5.01452159    60.0020840
 0000000651    5.01452159    5.01452159    60.0020840
 0000000652    5.01452159    5.01452159    60.0020840
 0000000653    5.01452159    5.01452159    60.0020840
 0000000654    5.01452159    5.01452159    60.0020840
 0000000655    5.01452159    5.01452159    60.0020840
 0000000656    5.01452159    5.01452159    60.0020840
 0000000657    5.01452159    5.01452159    60.0020840
 0000000658    5.01452159    5.01452159    60.0020840
 0000000659    5.01452159    5.01452159    60.0020840
 0000000660    5.01452159    5.01452159    60.0020840
 0000000661    5.00249873    5.00249873    60.0017227
 0000000662    5.00249871    5.00249871    60.0017227
 0000000663    5.00249869    5.00249869    60.0017227
 0000000664    5.00249869    5.00249869    60.0017227
 0000000665    5.00249868    5.00249868    60.0017227
 0000000666    5.00249868    5.00249868    60.0017227
 0000000667    5.00249868    5.00249868    60.0017227
 0000000668    5.00249869    5.00249869    60.0017227
 0000000669    5.00249869    5.00249869    60.0017227
 0000000670    5.00249871    5.00249871    60.0017227
 0000000671    5.00249873    5.00249873    60.0017227
 0000000672    4.99047468    4.99047468    60.0013602
 0000000673    4.99047456    4.99047456    60.0013602
 0000000674    4.99047444    4.99047444    60.0013601
 0000000675    4.99047439    4.99047439    60.0013601
 0000000676    4.99047437    4.99047437    60.0013601
 0000000677    4.99047437    4.99047437    60.0013601
 0000000678    4.99047437    4.99047437    60.0013601
 0000000679    4.99047439    4.99047439    60.0013601
 0000000680    4.99047444    4.99047444    60.0013601
 0000000681    4.99047456    4.99047456    60.0013602
 0000000682    4.99047468    4.99047468    60.0013602
 0000000683    4.97740504    4.97740504    60.0009837
 0000000684    4.97740434    4.97740434    60.0009833
 0000000685    4.97740372    4.97740372    60.0009829
 0000000686    4.97740345    4.97740345    60.0009827
 0000000687    4.97740337    4.97740337    60.0009827
 0000000688    4.97740335    4.97740335    60.0009827
 0000000689    4.97740337    4.97740337    60.0009827
 0000000690    4.97740345    4.97740345    60.0009827
 0000000691    4.97740372    4.97740372    60.0009829
 0000000692    4.97740434    4.97740434    60.0009833
 0000000693    4.97740504    4.97740504    60.0009837
 0000000694    4.95269876    4.95269876    60.0004412
 0000000695    4.95269533    4.95269533    60.0004387
 0000000696    4.95269260    4.95269260    60.0004368
 0000000697    4.95269155    4.95269155    60.0004362
 0000000698    4.95269126    4.95269126    60.0004360
 0000000699    4.95269120    4.95269120    60.0004359
 0000000700    4.95269126    4.95269126    60.0004360
 0000000701    4.95269155    4.95269155    60.0004362
 0000000702    4.95269260    4.95269260    60.0004368
 0000000703    4.95269533    4.95269533    60.0004387
 0000000704    4.95269876    4.95269876    60.0004412
 0000000705    4.81982840    4.81982840    59.9991969
 0000000706    4.81981659    4.81981659    59.9991859
 0000000707    4.81980842    4.81980842    59.9991791
 0000000708    4.81980558    4.81980558    59.9991768
 0000000709    4.81980486    4.81980486    59.9991763
 0000000710    4.81980473    4.81980473    59.9991762
 0000000711    4.81980486    4.81980486    59.9991763
 0000000712    4.81980558    4.81980558    59.9991768
 0000000713    4.81980842    4.81980842    59.9991791
 0000000714    4.81981659    4.81981659    59.9991859
 0000000715    4.81982840    4.81982840    59.9991969
 0000000716    4.00000000    4.00000000    59.9975592
 0000000717    4.00000000    4.00000000    59.9975283
 0000000718    4.00000000    4.00000000    59.9975122
 0000000719    4.00000000    4.00000000    59.9975075
 0000000720    4.00000000    4.00000000    59.9975065
 0000000721    4.00000000    4.00000000    59.9975064
 0000000722    4.00000000    4.00000000    59.9975065
 0000000723    4.00000000    4.00000000    59.9975075
 0000000724    4.00000000    4.00000000    59.9975122
 0000000725    4.00000000    4.00000000    59.9975283
 0000000726    4.00000000    4.00000000    59.9975592
 0000000727    6.00000000    6.00000000    59.9968180
 0000000728    6.00000000    6.00000000    59.9968180
 0000000729    6.00000000    6.00000000    59.9968180
 0000000730    6.00000000    6.00000000    59.9968180
 0000000731    6.00000000    6.00000000    59.9968180
 0000000732    6.00000000    6.00000000    59.9968180
 0000000733    6.00000000    6.00000000    59.9968180
 0000000734    6.00000000    6.00000000    59.9968180
 0000000735    6.00000000    6.00000000    59.9968180
 0000000736    6.00000000    6.00000000    59.9968180
 0000000737    6.00000000    6.00000000    59.9968180
 0000000738    5.31297942    5.31297942    59.9968636
 0000000739    5.31297942    5.31297942    59.9968636
 0000000740    5.31297942    5.31297942    59.9968636
 0000000741    5.31297942    5.31297942    59.9968636
 0000000742    5.31297942    5.31297942    59.9968636
 0000000743    5.31297942    5.31297942    59.9968636
 0000000744    5.31297942    5.31297942    59.9968636
 0000000745    5.31297942    5.31297942    59.9968636
 0000000746    5.31297942    5.31297942    59.9968636
 0000000747    5.31297942    5.31297942    59.9968636
 0000000748    5.31297942    5.31297942    59.9968636
 0000000749    5.16964629    5.16964629    59.9961357
 0000000750    5.16964629    5.16964629    59.9961357
 0000000751    5.16964629    5.16964629    59.9961357
 0000000752    5.16964629    5.16964629    59.9961357
 0000000753    5.16964629    5.16964629    59.9961357
 0000000754    5.16964629    5.16964629    59.9961357
 0000000755    5.16964629    5.16964629    59.9961357
 0000000756    5.16964629    5.16964629    59.9961357
 0000000757    5.16964629    5.16964629    59.9961357
 0000000758    5.16964629    5.16964629    59.9961357
 0000000759    5.16964629    5.16964629    59.9961357
 0000000760    5.10638940    5.10638940    59.9947962
 0000000761    5.10638940    5.10638940    59.9947962
 0000000762    5.10638940    5.10638940    59.9947962
 0000000763    5.10638940    5.10638940    59.9947962
 0000000764    5.10638940    5.10638940    59.9947962
 0000000765    5.10638940    5.10638940    59.9947962
 0000000766    5.10638940    5.10638940    59.9947962
 0000000767    5.10638940    5.10638940    59.9947962
 0000000768    5.10638940    5.10638940    59.9947962
 0000000769    5.10638940    5.10638940    59.9947962
 0000000770    5.10638940    5.10638940    59.9947962
 0000000771    5.05091458    5.05091458    59.9931068
 0000000772    5.05091458    5.05091458    59.9931068
 0000000773    5.05091458    5.05091458    59.9931068
 0000000774    5.05091458    5.05091458    59.9931068
 0000000775    5.05091458    5.05091458    59.9931068
 0000000776    5.05091458    5.05091458    59.9931068
 0000000777    5.05091458    5.05091458    59.9931068
 0000000778    5.05091458    5.05091458    59.9931068
 0000000779    5.05091458    5.05091458    59.9931068
 0000000780    5.05091458    5.05091458    59.9931068
 0000000781    5.05091458    5.05091458    59.9931068
 0000000782    4.99603661    4.99603661    59.9914253
 0000000783    4.99603661    4.99603661    59.9914253
 0000000784    4.99603660    4.99603660    59.9914253
 0000000785    4.99603660    4.99603660    59.9914253
 0000000786    4.99603660    4.99603660    59.9914253
 0000000787    4.99603660    4.99603660    59.9914253
 0000000788    4.99603660    4.99603660    59.9914253
 0000000789    4.99603660    4.99603660    59.9914253
 0000000790    4.99603660    4.99603660    59.9914253
 0000000791    4.99603661    4.99603661    59.9914253
 0000000792    4.99603661    4.99603661    59.9914253
 0000000793    4.94118590    4.94118590    59.9899291
 0000000794    4.94118588    4.94118588    59.9899291
 0000000795    4.94118586    4.94118586    59.9899291
 0000000796    4.94118585    4.94118585    59.9899291
 0000000797    4.94118584    4.94118584    59.9899291
 0000000798    4.94118584    4.94118584    59.9899291
 0000000799    4.94118584    4.94118584    59.9899291
 0000000800    4.94118585    4.94118585    59.9899291
 0000000801    4.94118586    4.94118586    59.9899291
 0000000802    4.94118588    4.94118588    59.9899291
 0000000803    4.94118590    4.94118590    59.9899291
 0000000804    4.88568865    4.88568865    59.9886320
 0000000805    4.88568854    4.88568854    59.9886319
 0000000806    4.88568843    4.88568843    59.9886319
 0000000807    4.88568838    4.88568838    59.9886318
 0000000808    4.88568837    4.88568837    59.9886318
 0000000809    4.88568836    4.88568836    59.9886318
 0000000810    4.88568837    4.88568837    59.9886318
 0000000811    4.88568838    4.88568838    59.9886318
 0000000812    4.88568843    4.88568843    59.9886319
 0000000813    4.88568854    4.88568854    59.9886319
 0000000814    4.88568865    4.88568865    59.9886320
 0000000815    4.82210062    4.82210062    59.9874227
 0000000816    4.82210015    4.82210015    59.9874224
 0000000817    4.82209973    4.82209973    59.9874222
 0000000818    4.82209955    4.82209955    59.9874221
 0000000819    4.82209949    4.82209949    59.9874220
 0000000820    4.82209948    4.82209948    59.9874220
 0000000821    4.82209949    4.82209949    59.9874220
 0000000822    4.82209955    4.82209955    59.9874221
 0000000823    4.82209973    4.82209973    59.9874222
 0000000824    4.82210015    4.82210015    59.9874224
 0000000825    4.82210062    4.82210062    59.9874227
 0000000826    4.67881603    4.67881603    59.9861968
 0000000827    4.67881463    4.67881463    59.9861957
 0000000828    4.67881350    4.67881350    59.9861948
 0000000829    4.67881306    4.67881306    59.9861945
 0000000830    4.67881293    4.67881293    59.9861944
 0000000831    4.67881291    4.67881291    59.9861944
 0000000832    4.67881293    4.67881293    59.9861944
 0000000833    4.67881306    4.67881306    59.9861945
 0000000834    4.67881350    4.67881350    59.9861948
 0000000835    4.67881463    4.67881463    59.9861957
 0000000836    4.67881603    4.67881603    59.9861968
 0000000837    4.00000000    4.00000000    59.9868855
 0000000838    4.00000000    4.00000000    59.9868829
 0000000839    4.00000000    4.00000000    59.9868812
 0000000840    4.00000000    4.00000000    59.9868806
 0000000841    4.00000000    4.00000000    59.9868805
 0000000842    4.00000000    4.00000000    59.9868805
 0000000843    4.00000000    4.00000000    59.9868805
 0000000844    4.00000000    4.00000000    59.9868806
 0000000845    4.00000000    4.00000000    59.9868812
 0000000846    4.00000000    4.00000000    59.9868829
 0000000847    4.00000000    4.00000000    59.9868855
 0000000848    6.00000000    6.00000000    59.9843562
 0000000849    6.00000000    6.00000000    59.9843562
 0000000850    6.00000000    6.00000000    59.9843562
 0000000851    6.00000000    6.00000000    59.9843562
 0000000852    6.00000000    6.00000000    59.9843562
 0000000853    6.00000000    6.00000000    59.9843562
 0000000854    6.00000000    6.00000000    59.9843562
 0000000855    6.00000000    6.00000000    59.9843562
 0000000856    6.00000000    6.00000000    59.9843562
 0000000857    6.00000000    6.00000000    59.9843562
 0000000858    6.00000000    6.00000000    59.9843562
 0000000859    5.80362754    5.80362754    59.9769396
 0000000860    5.80362754    5.80362754    59.9769396
 0000000861    5.80362754    5.80362754    59.9769396
 0000000862    5.80362754    5.80362754    59.9769396
 0000000863    5.80362754    5.80362754    59.9769396
 0000000864    5.80362754    5.80362754    59.9769396
 0000000865    5.80362754    5.80362754    59.9769396
 0000000866    5.80362754    5.80362754    59.9769396
 0000000867    5.80362754    5.80362754    59.9769396
 0000000868    5.80362754    5.80362754    59.9769396
 0000000869    5.80362754    5.80362754    59.9769396
 0000000870    5.60630839    5.60630839    59.9635474
 0000000871    5.60630839    5.60630839    59.9635474
 0000000872    5.60630839    5.60630839    59.9635474
 0000000873    5.60630839    5.60630839    59.9635474
 0000000874    5.60630839    5.60630839    59.9635474
 0000000875    5.60630839    5.60630839    59.9635474
 0000000876    5.60630839    5.60630839    59.9635474
 0000000877    5.60630839    5.60630839    59.9635474
 0000000878    5.60630839    5.60630839    59.9635474
 0000000879    5.60630839    5.60630839    59.9635474
 0000000880    5.60630839    5.60630839    59.9635474
 0000000881    5.40808422    5.40808422    59.9483670
 0000000882    5.40808422    5.40808422    59.9483670
 0000000883    5.40808422    5.40808422    59.9483670
 0000000884    5.40808422    5.40808422    59.9483670
 0000000885    5.40808422    5.40808422    59.9483670
 0000000886    5.40808422    5.40808422    59.9483670
 0000000887    5.40808422    5.40808422    59.9483670
 0000000888    5.40808422    5.40808422    59.9483670
 0000000889    5.40808422    5.40808422    59.9483670
 0000000890    5.40808422    5.40808422    59.9483670
 0000000891    5.40808422    5.40808422    59.9483670
 0000000892    5.20902512    5.20902512    59.9341437
 0000000893    5.20902512    5.20902512    59.9341437
 0000000894    5.20902512    5.20902512    59.9341437
 0000000895    5.20902512    5.20902512    59.9341437
 0000000896    5.20902512    5.20902512    59.9341437
 0000000897    5.20902512    5.20902512    59.9341437
 0000000898    5.20902512    5.20902512    59.9341437
 0000000899    5.20902512    5.20902512    59.9341437
 0000000900    5.20902512    5.20902512    59.9341437
 0000000901    5.20902512    5.20902512    59.9341437
 0000000902    5.20902512    5.20902512    59.9341437
 0000000903    5.00920995    5.00920995    59.9222321
 0000000904    5.00920995    5.00920995    59.9222321
 0000000905    5.00920995    5.00920995    59.9222321
 0000000906    5.00920995    5.00920995    59.9222321
 0000000907    5.00920995    5.00920995    59.9222321
 0000000908    5.00920995    5.00920995    59.9222321
 0000000909    5.00920995    5.00920995    59.9222321
 0000000910    5.00920995    5.00920995    59.9222321
 0000000911    5.00920995    5.00920995    59.9222321
 0000000912    5.00920995    5.00920995    59.9222321
 0000000913    5.00920995    5.00920995    59.9222321
 0000000914    4.80870628    4.80870628    59.9129002
 0000000915    4.80870628    4.80870628    59.9129002
 0000000916    4.80870628    4.80870628    59.9129002
 0000000917    4.80870628    4.80870628    59.9129002
 0000000918    4.80870628    4.80870628    59.9129002
 0000000919    4.80870628    4.80870628    59.9129002
 0000000920    4.80870628    4.80870628    59.9129002
 0000000921    4.80870628    4.80870628    59.9129002
 0000000922    4.80870628    4.80870628    59.9129002
 0000000923    4.80870628    4.80870628    59.9129002
 0000000924    4.80870628    4.80870628    59.9129002
 0000000925    4.60755485    4.60755485    59.9057921
 0000000926    4.60755485    4.60755485    59.9057921
 0000000927    4.60755485    4.60755485    59.9057921
 0000000928    4.60755485    4.60755485    59.9057921
 0000000929    4.60755485    4.60755485    59.9057921
 0000000930    4.60755485    4.60755485    59.9057921
 0000000931    4.60755485    4.60755485    59.9057921
 0000000932    4.60755485    4.60755485    59.9057921
 0000000933    4.60755485    4.60755485    59.9057921
 0000000934    4.60755485    4.60755485    59.9057921
 0000000935    4.60755485    4.60755485    59.9057921
 0000000936    4.40575848    4.40575848    59.9003950
 0000000937    4.40575848    4.40575848    59.9003950
 0000000938    4.40575848    4.40575848    59.9003950
 0000000939    4.40575848    4.40575848    59.9003950
 0000000940    4.40575848    4.40575848    59.9003950
 0000000941    4.40575848    4.40575848    59.9003950
 0000000942    4.40575848    4.40575848    59.9003950
 0000000943    4.40575848    4.40575848    59.9003950
 0000000944    4.40575848    4.40575848    59.9003950
 0000000945    4.40575848    4.40575848    59.9003950
 0000000946    4.40575848    4.40575848    59.9003950
 0000000947    4.20327293    4.20327293    59.8974810
 0000000948    4.20327293    4.20327293    59.8974810
 0000000949    4.20327293    4.20327293    59.8974809
 0000000950    4.20327293    4.20327293    59.8974809
 0000000951    4.20327293    4.20327293    59.8974809
 0000000952    4.20327293    4.20327293    59.8974809
 0000000953    4.20327293    4.20327293    59.8974809
 0000000954    4.20327293    4.20327293    59.8974809
 0000000955    4.20327293    4.20327293    59.8974809
 0000000956    4.20327293    4.20327293    59.8974810
 0000000957    4.20327293    4.20327293    59.8974810
 0000000958    4.00000000    4.00000000    59.9136671
 0000000959    4.00000000    4.00000000    59.9136672
 0000000960    4.00000000    4.00000000    59.9136671
 0000000961    4.00000000    4.00000000    59.9136671
 0000000962    4.00000000    4.00000000    59.9136671
 0000000963    4.00000000    4.00000000    59.9136671
 0000000964    4.00000000    4.00000000    59.9136671
 0000000965    4.00000000    4.00000000    59.9136671
 0000000966    4.00000000    4.00000000    59.9136671
 0000000967    4.00000000    4.00000000    59.9136672
 0000000968    4.00000000    4.00000000    59.9136671
 0000000969    6.00000000    6.00000000    59.8681380
 0000000970    6.00000000    6.00000000    59.8681380
 0000000971    6.00000000    6.00000000    59.8681380
 0000000972    6.00000000    6.00000000    59.8681380
 0000000973    6.00000000    6.00000000    59.8681380
 0000000974    6.00000000    6.00000000    59.8681380
 0000000975    6.00000000    6.00000000    59.8681380
 0000000976    6.00000000    6.00000000    59.8681380
 0000000977    6.00000000    6.00000000    59.8681380
 0000000978    6.00000000    6.00000000    59.8681380
 0000000979    6.00000000    6.00000000    59.8681380
 0000000980    5.80322612    5.80322612    59.6050963
 0000000981    5.80322612    5.80322612    59.6050963
 0000000982    5.80322612    5.80322612    59.6050963
 0000000983    5.80322612    5.80322612    59.6050963
 0000000984    5.80322612    5.80322612    59.6050963
 0000000985    5.80322612    5.80322612    59.6050963
 0000000986    5.80322612    5.80322612    59.6050963
 0000000987    5.80322612    5.80322612    59.6050963
 0000000988    5.80322612    5.80322612    59.6050963
 0000000989    5.80322612    5.80322612    59.6050963
 0000000990    5.80322612    5.80322612    59.6050963
 0000000991    5.60534344    5.60534344    59.3642129
 0000000992    5.60534344    5.60534344    59.3642129
 0000000993    5.60534344    5.60534344    59.3642129
 0000000994    5.60534344    5.60534344    59.3642129
 0000000995    5.60534344    5.60534344    59.3642129
 0000000996    5.60534344    5.60534344    59.3642129
 0000000997    5.60534344    5.60534344    59.3642129
 0000000998    5.60534344    5.60534344    59.3642129
 0000000999    5.60534344    5.60534344    59.3642129
 0000001000    5.60534344    5.60534344    59.3642129
 0000001001    5.60534344    5.60534344    59.3642129
 0000001002    5.40637639    5.40637639    59.1798362
 0000001003    5.40637639    5.40637639    59.1798362
 0000001004    5.40637639    5.40637639    59.1798362
 0000001005    5.40637639    5.40637639    59.1798362
 0000001006    5.40637639    5.40637639    59.1798362
 0000001007    5.40637639    5.40637639    59.1798362
 0000001008    5.40637639    5.40637639    59.1798362
 0000001009    5.40637639    5.40637639    59.1798362
 0000001010    5.40637639    5.40637639    59.1798362
 0000001011    5.40637639    5.40637639    59.1798362
 0000001012    5.40637639    5.40637639    59.1798362
 0000001013    5.20655587    5.20655587    59.0518629
 0000001014    5.20655587    5.20655587    59.0518630
 0000001015    5.20655587    5.20655587    59.0518630
 0000001016    5.20655587    5.20655587    59.0518629
 0000001017    5.20655587    5.20655587    59.0518629
 0000001018    5.20655587    5.20655587    59.0518629
 0000001019    5.20655587    5.20655587    59.0518629
 0000001020    5.20655587    5.20655587    59.0518630
 0000001021    5.20655587    5.20655587    59.0518630
 0000001022    5.20655587    5.20655587    59.0518630
 0000001023    5.20655587    5.20655587    59.0518630
 0000001024    5.00612764    5.00612764    58.9680249
 0000001025    5.00612764    5.00612764    58.9680249
 0000001026    5.00612764    5.00612764    58.9680249
 0000001027    5.00612764    5.00612764    58.9680249
 0000001028    5.00612764    5.00612764    58.9680249
 0000001029    5.00612764    5.00612764    58.9680249
 0000001030    5.00612764    5.00612764    58.9680249
 0000001031    5.00612764    5.00612764    58.9680249
 0000001032    5.00612764    5.00612764    58.9680249
 0000001033    5.00612764    5.00612764    58.9680249
 0000001034    5.00612764    5.00612764    58.9680249
 0000001035    4.80528729    4.80528729    58.9147745
 0000001036    4.80528729    4.80528729    58.9147745
 0000001037    4.80528729    4.80528729    58.9147745
 0000001038    4.80528729    4.80528729    58.9147745
 0000001039    4.80528729    4.80528729    58.9147745
 0000001040    4.80528729    4.80528729    58.9147745
 0000001041    4.80528729    4.80528729    58.9147745
 0000001042    4.80528729    4.80528729    58.9147745
 0000001043    4.80528729    4.80528729    58.9147745
 0000001044    4.80528729    4.80528729    58.9147745
 0000001045    4.80528729    4.80528729    58.9147745
 0000001046    4.60417207    4.60417207    58.8809561
 0000001047    4.60417207    4.60417207    58.8809561
 0000001048    4.60417207    4.60417207    58.8809561
 0000001049    4.60417207    4.60417207    58.8809561
 0000001050    4.60417207    4.60417207    58.8809561
 0000001051    4.60417207    4.60417207    58.8809561
 0000001052    4.60417207    4.60417207    58.8809561
 0000001053    4.60417207    4.60417207    58.8809561
 0000001054    4.60417207    4.60417207    58.8809561
 0000001055    4.60417207    4.60417207    58.8809561
 0000001056    4.60417207    4.60417207    58.8809561
 0000001057    4.40287380    4.40287380    58.8586173
 0000001058    4.40287380    4.40287380    58.8586173
 0000001059    4.40287380    4.40287380    58.8586173
 0000001060    4.40287380    4.40287380    58.8586173
 0000001061    4.40287380    4.40287380    58.8586173
 0000001062    4.40287380    4.40287380    58.8586173
 0000001063    4.40287380    4.40287380    58.8586173
 0000001064    4.40287380    4.40287380    58.8586173
 0000001065    4.40287380    4.40287380    58.8586173
 0000001066    4.40287380    4.40287380    58.8586173
 0000001067    4.40287380    4.40287380    58.8586173
 0000001068    4.20145917    4.20145917    58.8446445
 0000001069    4.20145917    4.20145917    58.8446446
 0000001070    4.20145917    4.20145917    58.8446446
 0000001071    4.20145917    4.20145917    58.8446446
 0000001072    4.20145917    4.20145917    58.8446446
 0000001073    4.20145917    4.20145917    58.8446446
 0000001074    4.20145917    4.20145917    58.8446446
 0000001075    4.20145917    4.20145917    58.8446446
 0000001076    4.20145917    4.20145917    58.8446446
 0000001077    4.20145917    4.20145917    58.8446446
 0000001078    4.20145917    4.20145917    58.8446445
 0000001079    4.00000000    4.00000000    58.8639336
 0000001080    4.00000000    4.00000000    58.8639344
 0000001081    4.00000000    4.00000000    58.8639345
 0000001082    4.00000000    4.00000000    58.8639345
 0000001083    4.00000000    4.00000000    58.8639345
 0000001084    4.00000000    4.00000000    58.8639345
 0000001085    4.00000000    4.00000000    58.8639345
 0000001086    4.00000000    4.00000000    58.8639345
 0000001087    4.00000000    4.00000000    58.8639345
 0000001088    4.00000000    4.00000000    58.8639344
 0000001089    4.00000000    4.00000000    58.8639336
 0000001090    6.00000000    6.00000000    58.0967161
 0000001091    6.00000000    6.00000000    58.0967161
 0000001092    6.00000000    6.00000000    58.0967161
 0000001093    6.00000000    6.00000000    58.0967161
 0000001094    6.00000000    6.00000000    58.0967161
 0000001095    6.00000000    6.00000000    58.0967161
 0000001096    6.00000000    6.00000000    58.0967161
 0000001097    6.00000000    6.00000000    58.0967161
 0000001098    6.00000000    6.00000000    58.0967161
 0000001099    6.00000000    6.00000000    58.0967161
 0000001100    6.00000000    6.00000000    58.0967161
 0000001101    5.80697119    5.80697119    56.0408323
 0000001102    5.80697119    5.80697119    56.0408323
 0000001103    5.80697119    5.80697119    56.0408323
 0000001104    5.80697119    5.80697119    56.0408323
 0000001105    5.80697119    5.80697119    56.0408323
 0000001106    5.80697119    5.80697119    56.0408323
 0000001107    5.80697119    5.80697119    56.0408323
 0000001108    5.80697119    5.80697119    56.0408323
 0000001109    5.80697119    5.80697119    56.0408323
 0000001110    5.80697119    5.80697119    56.0408323
 0000001111    5.80697119    5.80697119    56.0408323
 0000001112    5.60907763    5.60907763    54.7707877
 0000001113    5.60907763    5.60907763    54.7707877
 0000001114    5.60907763    5.60907763    54.7707877
 0000001115    5.60907763    5.60907763    54.7707877
 0000001116    5.60907763    5.60907763    54.7707877
 0000001117    5.60907763    5.60907763    54.7707877
 0000001118    5.60907763    5.60907763    54.7707877
 0000001119    5.60907763    5.60907763    54.7707877
 0000001120    5.60907763    5.60907763    54.7707877
 0000001121    5.60907763    5.60907763    54.7707877
 0000001122    5.60907763    5.60907763    54.7707877
 0000001123    5.40868205    5.40868205    54.0184283
 0000001124    5.40868205    5.40868205    54.0184283
 0000001125    5.40868205    5.40868205    54.0184283
 0000001126    5.40868205    5.40868205    54.0184283
 0000001127    5.40868205    5.40868205    54.0184283
 0000001128    5.40868205    5.40868205    54.0184283
 0000001129    5.40868205    5.40868205    54.0184283
 0000001130    5.40868205    5.40868205    54.0184283
 0000001131    5.40868205    5.40868205    54.0184283
 0000001132    5.40868205    5.40868205    54.0184283
 0000001133    5.40868205    5.40868205    54.0184283
 0000001134    5.20720866    5.20720866    53.5877496
 0000001135    5.20720866    5.20720866    53.5877496
 0000001136    5.20720866    5.20720866    53.5877496
 0000001137    5.20720866    5.20720866    53.5877496
 0000001138    5.20720866    5.20720866    53.5877496
 0000001139    5.20720866    5.20720866    53.5877496
 0000001140    5.20720866    5.20720866    53.5877496
 0000001141    5.20720866    5.20720866    53.5877496
 0000001142    5.20720866    5.20720866    53.5877496
 0000001143    5.20720866    5.20720866    53.5877496
 0000001144    5.20720866    5.20720866    53.5877496
 0000001145    5.00542446    5.00542446    53.3437885
 0000001146    5.00542446    5.00542446    53.3437885
 0000001147    5.00542446    5.00542446    53.3437885
 0000001148    5.00542446    5.00542446    53.3437885
 0000001149    5.00542446    5.00542446    53.3437885
 0000001150    5.00542446    5.00542446    53.3437885
 0000001151    5.00542446    5.00542446    53.3437885
 0000001152    5.00542446    5.00542446    53.3437885
 0000001153    5.00542446    5.00542446    53.3437885
 0000001154    5.00542446    5.00542446    53.3437885
 0000001155    5.00542446    5.00542446    53.3437885
 0000001156    4.80372091    4.80372091    53.2057390
 0000001157    4.80372091    4.80372091    53.2057390
 0000001158    4.80372091    4.80372091    53.2057390
 0000001159    4.80372091    4.80372091    53.2057390
 0000001160    4.80372091    4.80372091    53.2057390
 0000001161    4.80372091    4.80372091    53.2057390
 0000001162    4.80372091    4.80372091    53.2057390
 0000001163    4.80372091    4.80372091    53.2057390
 0000001164    4.80372091    4.80372091    53.2057390
 0000001165    4.80372091    4.80372091    53.2057390
 0000001166    4.80372091    4.80372091    53.2057390
 0000001167    4.60227961    4.60227961    53.1252143
 0000001168    4.60227961    4.60227961    53.1252143
 0000001169    4.60227961    4.60227961    53.1252143
 0000001170    4.60227961    4.60227961    53.1252143
 0000001171    4.60227961    4.60227961    53.1252143
 0000001172    4.60227961    4.60227961    53.1252143
 0000001173    4.60227961    4.60227961    53.1252143
 0000001174    4.60227961    4.60227961    53.1252143
 0000001175    4.60227961    4.60227961    53.1252143
 0000001176    4.60227961    4.60227961    53.1252143
 0000001177    4.60227961    4.60227961    53.1252143
 0000001178    4.40117398    4.40117398    53.0738030
 0000001179    4.40117398    4.40117398    53.0738030
 0000001180    4.40117398    4.40117398    53.0738030
 0000001181    4.40117398    4.40117398    53.0738030
 0000001182    4.40117398    4.40117398    53.0738030
 0000001183    4.40117398    4.40117398    53.0738030
 0000001184    4.40117398    4.40117398    53.0738030
 0000001185    4.40117398    4.40117398    53.0738030
 0000001186    4.40117398    4.40117398    53.0738030
 0000001187    4.40117398    4.40117398    53.0738030
 0000001188    4.40117398    4.40117398    53.0738030
 0000001189    4.20041978    4.20041978    53.0382648
 0000001190    4.20041978    4.20041978    53.0382649
 0000001191    4.20041978    4.20041978    53.0382649
 0000001192    4.20041978    4.20041978    53.0382649
 0000001193    4.20041978    4.20041978    53.0382649
 0000001194    4.20041978    4.20041978    53.0382649
 0000001195    4.20041978    4.20041978    53.0382649
 0000001196    4.20041978    4.20041978    53.0382649
 0000001197    4.20041978    4.20041978    53.0382649
 0000001198    4.20041978    4.20041978    53.0382649
 0000001199    4.20041978    4.20041978    53.0382648
 0000001200    4.00000000    4.00000000    53.0596155
 0000001201    4.00000000    4.00000000    53.0596161
 0000001202    4.00000000    4.00000000    53.0596163
 0000001203    4.00000000    4.00000000    53.0596163
 0000001204    4.00000000    4.00000000    53.0596163
 0000001205    4.00000000    4.00000000    53.0596163
 0000001206    4.00000000    4.00000000    53.0596163
 0000001207    4.00000000    4.00000000    53.0596163
 0000001208    4.00000000    4.00000000    53.0596163
 0000001209    4.00000000    4.00000000    53.0596161
 0000001210    4.00000000    4.00000000    53.0596155
 0000001211    6.00000000    6.00000000    30.0000000
 0000001212    6.00000000    6.00000000    30.0000000
 0000001213    6.00000000    6.00000000    30.0000000
 0000001214    6.00000000    6.00000000    30.0000000
 0000001215    6.00000000    6.00000000    30.0000000
 0000001216    6.00000000    6.00000000    30.0000000
 0000001217    6.00000000    6.00000000    30.0000000
 0000001218    6.00000000    6.00000000    30.0000000
 0000001219    6.00000000    6.00000000    30.0000000
 0000001220    6.00000000    6.00000000    30.0000000
 0000001221    6.00000000    6.00000000    30.0000000
 0000001222    5.79923335    5.79923335    30.0000000
 0000001223    5.79923335    5.79923335    30.0000000
 0000001224    5.79923335    5.79923335    30.0000000
 0000001225    5.79923335    5.79923335    30.0000000
 0000001226    5.79923335    5.79923335    30.0000000
 0000001227    5.79923335    5.79923335    30.0000000
 0000001228    5.79923335    5.79923335    30.0000000
 0000001229    5.79923335    5.79923335    30.0000000
 0000001230    5.79923335    5.79923335    30.0000000
 0000001231    5.79923335    5.79923335    30.0000000
 0000001232    5.79923335    5.79923335    30.0000000
 0000001233    5.59884342    5.59884342    30.0000000
 0000001234    5.59884342    5.59884342    30.0000000
 0000001235    5.59884342    5.59884342    30.0000000
 0000001236    5.59884342    5.59884342    30.0000000
 0000001237    5.59884342    5.59884342    30.0000000
 0000001238    5.59884342    5.59884342    30.0000000
 0000001239    5.59884342    5.59884342    30.0000000
 0000001240    5.59884342    5.59884342    30.0000000
 0000001241    5.59884342    5.59884342    30.0000000
 0000001242    5.59884342    5.59884342    30.0000000
 0000001243    5.59884342    5.59884342    30.0000000
 0000001244    5.39827646    5.39827646    30.0000000
 0000001245    5.39827646    5.39827646    30.0000000
 0000001246    5.39827646    5.39827646    30.0000000
 0000001247    5.39827646    5.39827646    30.0000000
 0000001248    5.39827646    5.39827646    30.0000000
 0000001249    5.39827646    5.39827646    30.0000000
 0000001250    5.39827646    5.39827646    30.0000000
 0000001251    5.39827646    5.39827646    30.0000000
 0000001252    5.39827646    5.39827646    30.0000000
 0000001253    5.39827646    5.39827646    30.0000000
 0000001254    5.39827646    5.39827646    30.0000000
 0000001255    5.19748147    5.19748147    30.0000000
 0000001256    5.19748147    5.19748147    30.0000000
 0000001257    5.19748147    5.19748147    30.0000000
 0000001258    5.19748147    5.19748147    30.0000000
 0000001259    5.19748147    5.19748147    30.0000000
 0000001260    5.19748147    5.19748147    30.0000000
 0000001261    5.19748147    5.19748147    30.0000000
 0000001262    5.19748147    5.19748147    30.0000000
 0000001263    5.19748147    5.19748147    30.0000000
 0000001264    5.19748147    5.19748147    30.0000000
 0000001265    5.19748147    5.19748147    30.0000000
 0000001266    4.99666566    4.99666566    30.0000000
 0000001267    4.99666566    4.99666566    30.0000000
 0000001268    4.99666566    4.99666566    30.0000000
 0000001269    4.99666566    4.99666566    30.0000000
 0000001270    4.99666566    4.99666566    30.0000000
 0000001271    4.99666566    4.99666566    30.0000000
 0000001272    4.99666566    4.99666566    30.0000000
 0000001273    4.99666566    4.99666566    30.0000000
 0000001274    4.99666566    4.99666566    30.0000000
 0000001275    4.99666566    4.99666566    30.0000000
 0000001276    4.99666566    4.99666566    30.0000000
 0000001277    4.79602252    4.79602252    30.0000000
 0000001278    4.79602252    4.79602252    30.0000000
 0000001279    4.79602252    4.79602252    30.0000000
 0000001280    4.79602252    4.79602252    30.0000000
 0000001281    4.79602252    4.79602252    30.0000000
 0000001282    4.79602252    4.79602252    30.0000000
 0000001283    4.79602252    4.79602252    30.0000000
 0000001284    4.79602252    4.79602252    30.0000000
 0000001285    4.79602252    4.79602252    30.0000000
 0000001286    4.79602252    4.79602252    30.0000000
 0000001287    4.79602252    4.79602252    30.0000000
 0000001288    4.59576392    4.59576392    30.0000000
 0000001289    4.59576392    4.59576392    30.0000000
 0000001290    4.59576392    4.59576392    30.0000000
 0000001291    4.59576392    4.59576392    30.0000000
 0000001292    4.59576392    4.59576392    30.0000000
 0000001293    4.59576392    4.59576392    30.0000000
 0000001294    4.59576392    4.59576392    30.0000000
 0000001295    4.59576392    4.59576392    30.0000000
 0000001296    4.59576392    4.59576392    30.0000000
 0000001297    4.59576392    4.59576392    30.0000000
 0000001298    4.59576392    4.59576392    30.0000000
 0000001299    4.39612622    4.39612622    30.0000000
 0000001300    4.39612622    4.39612622    30.0000000
 0000001301    4.39612622    4.39612622    30.0000000
 0000001302    4.39612622    4.39612622    30.0000000
 0000001303    4.39612622    4.39612622    30.0000000
 0000001304    4.39612622    4.39612622    30.0000000
 0000001305    4.39612622    4.39612622    30.0000000
 0000001306    4.39612622    4.39612622    30.0000000
 0000001307    4.39612622    4.39612622    30.0000000
 0000001308    4.39612622    4.39612622    30.0000000
 0000001309    4.39612622    4.39612622    30.0000000
 0000001310    4.19740288    4.19740288    30.0000000
 0000001311    4.19740288    4.19740288    30.0000000
 0000001312    4.19740288    4.19740288    30.0000000
 0000001313    4.19740288    4.19740288    30.0000000
 0000001314    4.19740288    4.19740288    30.0000000
 0000001315    4.19740288    4.19740288    30.0000000
 0000001316    4.19740288    4.19740288    30.0000000
 0000001317    4.19740288    4.19740288    30.0000000
 0000001318    4.19740288    4.19740288    30.0000000
 0000001319    4.19740288    4.19740288    30.0000000
 0000001320    4.19740288    4.19740288    30.0000000
 0000001321    4.00000000    4.00000000    30.0000000
 0000001322    4.00000000    4.00000000    30.0000000
 0000001323    4.00000000    4.00000000    30.0000000
 0000001324    4.00000000    4.00000000    30.0000000
 0000001325    4.00000000    4.00000000    30.0000000
 0000001326    4.00000000    4.00000000    30.0000000
 0000001327    4.00000000    4.00000000    30.0000000
 0000001328    4.00000000    4.00000000    30.0000000
 0000001329    4.00000000    4.00000000    30.0000000
 0000001330    4.00000000    4.00000000    30.0000000
 0000001331    4.00000000    4.00000000    30.0000000
