# tut1_INPUT.dat
# ----------------------------SOLUTION TYPE----------------------------
sol
1	-1	
# -----------------------CONTOUR OUTPUT REQUESTS-----------------------
cont
surf	1000	1e+30	time	
xyz
temperature
pressure
grid
mat
liquid
vapor
end
# -----------------------HISTORY OUTPUT REQUESTS-----------------------
node
3
100	400	800	
hist
tec	1	1e+30	
pressure
temperature
end
# -------------------INITIAL TEMPERATURE AND PRESSURE-------------------
pres
1	0	0	5.0	60.0	1	

# ------------------------------GENERATORS------------------------------
zone
996		#YMAX
-0.1	10.1	10.1	-0.1	-0.1	10.1	10.1	-0.1	
10.1	10.1	9.5	9.5	10.1	10.1	9.5	9.5	
10.1	10.1	10.1	10.1	-0.1	-0.1	-0.1	-0.1	
997		#YMIN
-0.1	10.1	10.1	-0.1	-0.1	10.1	10.1	-0.1	
0.5	0.5	-0.1	-0.1	0.5	0.5	-0.1	-0.1	
10.1	10.1	10.1	10.1	-0.1	-0.1	-0.1	-0.1	

flow
-996	0	0	4.0	-60.0	1000000.0	
-997	0	0	6.0	-60.0	1000000.0	

# ----------------------------------------------------------------------
zone
994		#ZMAX
-0.1	10.1	10.1	-0.1	-0.1	10.1	10.1	-0.1	
10.1	10.1	-0.1	-0.1	10.1	10.1	-0.1	-0.1	
10.1	10.1	10.1	10.1	9.5	9.5	9.5	9.5	
995		#ZMIN
-0.1	10.1	10.1	-0.1	-0.1	10.1	10.1	-0.1	
10.1	10.1	-0.1	-0.1	10.1	10.1	-0.1	-0.1	
0.5	0.5	0.5	0.5	-0.1	-0.1	-0.1	-0.1	

hflx
-994	0	0	30	10000000000.0	
-995	0	0	80	10000000000.0	

# -----------------------------PERMEABILITY-----------------------------
zone
1		#lower
-0	10.1	10.1	-0	-0	10.1	10.1	-0	
10.1	10.1	-0	-0	10.1	10.1	-0	-0	
3.1	3.1	3.1	3.1	-0.1	-0.1	-0.1	-0.1	
2		#middle
-0	10.1	10.1	-0	-0	10.1	10.1	-0	
10.1	10.1	-0	-0	10.1	10.1	-0	-0	
6.1	6.1	6.1	6.1	3.1	3.1	3.1	3.1	
3		#upper
-0	10.1	10.1	-0	-0	10.1	10.1	-0	
10.1	10.1	-0	-0	10.1	10.1	-0	-0	
10.1	10.1	10.1	10.1	6.1	6.1	6.1	6.1	

perm
-1	0	0	1e-15	1e-15	1e-16	
-2	0	0	1e-20	1e-20	1e-20	
-3	0	0	1e-14	1e-14	1e-15	

# -------------------------MATERIAL PARAMETERS-------------------------
rock
1	0	0	2500	1000	0.1	

# --------------------------ROCK CONDUCTIVITY--------------------------
cond
1	0	0	2.2	2.2	2.2	

# -----------------------TIME STEPPING PARAMETERS-----------------------
time
1.0	10.0	200	1	

# --------------------SIMULATION CONTROL PARAMETERS--------------------
ctrl
10	1e-05	8	24	gmre	
1	0	0	2	

1	3	1.0	
7	1.5	1e-05	30.0	
0	0	
# --------------------------SOLVER PARAMETERS--------------------------
iter
1e-05	1e-05	0.001	-1e-05	1.1	
0	0	0	0	3600	
stop
