TITLE = "FEHM V3.2.0lin 13-12-17 QA:NA  12/17/2013  15:11:35 # tut1_INPUT.dat"
FILETYPE = "SOLUTION"
VARIABLES = "node" "Liquid Pressure (MPa)" "Vapor Pressure (MPa)" "Temperature (<sup>o</sup>C)"
ZONE T ="Simulation time   0.00000000    days", N =     1331, E =     1000, DATAPACKING = POINT, ZONETYPE = FEBRICK, STRANDID = 0, SOLUTIONTIME =   0.00000000
 0000000001    5.00000000    5.00000000    60.0000000
 0000000002    5.00000000    5.00000000    60.0000000
 0000000003    5.00000000    5.00000000    60.0000000
 0000000004    5.00000000    5.00000000    60.0000000
 0000000005    5.00000000    5.00000000    60.0000000
 0000000006    5.00000000    5.00000000    60.0000000
 0000000007    5.00000000    5.00000000    60.0000000
 0000000008    5.00000000    5.00000000    60.0000000
 0000000009    5.00000000    5.00000000    60.0000000
 0000000010    5.00000000    5.00000000    60.0000000
 0000000011    5.00000000    5.00000000    60.0000000
 0000000012    5.00000000    5.00000000    60.0000000
 0000000013    5.00000000    5.00000000    60.0000000
 0000000014    5.00000000    5.00000000    60.0000000
 0000000015    5.00000000    5.00000000    60.0000000
 0000000016    5.00000000    5.00000000    60.0000000
 0000000017    5.00000000    5.00000000    60.0000000
 0000000018    5.00000000    5.00000000    60.0000000
 0000000019    5.00000000    5.00000000    60.0000000
 0000000020    5.00000000    5.00000000    60.0000000
 0000000021    5.00000000    5.00000000    60.0000000
 0000000022    5.00000000    5.00000000    60.0000000
 0000000023    5.00000000    5.00000000    60.0000000
 0000000024    5.00000000    5.00000000    60.0000000
 0000000025    5.00000000    5.00000000    60.0000000
 0000000026    5.00000000    5.00000000    60.0000000
 0000000027    5.00000000    5.00000000    60.0000000
 0000000028    5.00000000    5.00000000    60.0000000
 0000000029    5.00000000    5.00000000    60.0000000
 0000000030    5.00000000    5.00000000    60.0000000
 0000000031    5.00000000    5.00000000    60.0000000
 0000000032    5.00000000    5.00000000    60.0000000
 0000000033    5.00000000    5.00000000    60.0000000
 0000000034    5.00000000    5.00000000    60.0000000
 0000000035    5.00000000    5.00000000    60.0000000
 0000000036    5.00000000    5.00000000    60.0000000
 0000000037    5.00000000    5.00000000    60.0000000
 0000000038    5.00000000    5.00000000    60.0000000
 0000000039    5.00000000    5.00000000    60.0000000
 0000000040    5.00000000    5.00000000    60.0000000
 0000000041    5.00000000    5.00000000    60.0000000
 0000000042    5.00000000    5.00000000    60.0000000
 0000000043    5.00000000    5.00000000    60.0000000
 0000000044    5.00000000    5.00000000    60.0000000
 0000000045    5.00000000    5.00000000    60.0000000
 0000000046    5.00000000    5.00000000    60.0000000
 0000000047    5.00000000    5.00000000    60.0000000
 0000000048    5.00000000    5.00000000    60.0000000
 0000000049    5.00000000    5.00000000    60.0000000
 0000000050    5.00000000    5.00000000    60.0000000
 0000000051    5.00000000    5.00000000    60.0000000
 0000000052    5.00000000    5.00000000    60.0000000
 0000000053    5.00000000    5.00000000    60.0000000
 0000000054    5.00000000    5.00000000    60.0000000
 0000000055    5.00000000    5.00000000    60.0000000
 0000000056    5.00000000    5.00000000    60.0000000
 0000000057    5.00000000    5.00000000    60.0000000
 0000000058    5.00000000    5.00000000    60.0000000
 0000000059    5.00000000    5.00000000    60.0000000
 0000000060    5.00000000    5.00000000    60.0000000
 0000000061    5.00000000    5.00000000    60.0000000
 0000000062    5.00000000    5.00000000    60.0000000
 0000000063    5.00000000    5.00000000    60.0000000
 0000000064    5.00000000    5.00000000    60.0000000
 0000000065    5.00000000    5.00000000    60.0000000
 0000000066    5.00000000    5.00000000    60.0000000
 0000000067    5.00000000    5.00000000    60.0000000
 0000000068    5.00000000    5.00000000    60.0000000
 0000000069    5.00000000    5.00000000    60.0000000
 0000000070    5.00000000    5.00000000    60.0000000
 0000000071    5.00000000    5.00000000    60.0000000
 0000000072    5.00000000    5.00000000    60.0000000
 0000000073    5.00000000    5.00000000    60.0000000
 0000000074    5.00000000    5.00000000    60.0000000
 0000000075    5.00000000    5.00000000    60.0000000
 0000000076    5.00000000    5.00000000    60.0000000
 0000000077    5.00000000    5.00000000    60.0000000
 0000000078    5.00000000    5.00000000    60.0000000
 0000000079    5.00000000    5.00000000    60.0000000
 0000000080    5.00000000    5.00000000    60.0000000
 0000000081    5.00000000    5.00000000    60.0000000
 0000000082    5.00000000    5.00000000    60.0000000
 0000000083    5.00000000    5.00000000    60.0000000
 0000000084    5.00000000    5.00000000    60.0000000
 0000000085    5.00000000    5.00000000    60.0000000
 0000000086    5.00000000    5.00000000    60.0000000
 0000000087    5.00000000    5.00000000    60.0000000
 0000000088    5.00000000    5.00000000    60.0000000
 0000000089    5.00000000    5.00000000    60.0000000
 0000000090    5.00000000    5.00000000    60.0000000
 0000000091    5.00000000    5.00000000    60.0000000
 0000000092    5.00000000    5.00000000    60.0000000
 0000000093    5.00000000    5.00000000    60.0000000
 0000000094    5.00000000    5.00000000    60.0000000
 0000000095    5.00000000    5.00000000    60.0000000
 0000000096    5.00000000    5.00000000    60.0000000
 0000000097    5.00000000    5.00000000    60.0000000
 0000000098    5.00000000    5.00000000    60.0000000
 0000000099    5.00000000    5.00000000    60.0000000
 0000000100    5.00000000    5.00000000    60.0000000
 0000000101    5.00000000    5.00000000    60.0000000
 0000000102    5.00000000    5.00000000    60.0000000
 0000000103    5.00000000    5.00000000    60.0000000
 0000000104    5.00000000    5.00000000    60.0000000
 0000000105    5.00000000    5.00000000    60.0000000
 0000000106    5.00000000    5.00000000    60.0000000
 0000000107    5.00000000    5.00000000    60.0000000
 0000000108    5.00000000    5.00000000    60.0000000
 0000000109    5.00000000    5.00000000    60.0000000
 0000000110    5.00000000    5.00000000    60.0000000
 0000000111    5.00000000    5.00000000    60.0000000
 0000000112    5.00000000    5.00000000    60.0000000
 0000000113    5.00000000    5.00000000    60.0000000
 0000000114    5.00000000    5.00000000    60.0000000
 0000000115    5.00000000    5.00000000    60.0000000
 0000000116    5.00000000    5.00000000    60.0000000
 0000000117    5.00000000    5.00000000    60.0000000
 0000000118    5.00000000    5.00000000    60.0000000
 0000000119    5.00000000    5.00000000    60.0000000
 0000000120    5.00000000    5.00000000    60.0000000
 0000000121    5.00000000    5.00000000    60.0000000
 0000000122    5.00000000    5.00000000    60.0000000
 0000000123    5.00000000    5.00000000    60.0000000
 0000000124    5.00000000    5.00000000    60.0000000
 0000000125    5.00000000    5.00000000    60.0000000
 0000000126    5.00000000    5.00000000    60.0000000
 0000000127    5.00000000    5.00000000    60.0000000
 0000000128    5.00000000    5.00000000    60.0000000
 0000000129    5.00000000    5.00000000    60.0000000
 0000000130    5.00000000    5.00000000    60.0000000
 0000000131    5.00000000    5.00000000    60.0000000
 0000000132    5.00000000    5.00000000    60.0000000
 0000000133    5.00000000    5.00000000    60.0000000
 0000000134    5.00000000    5.00000000    60.0000000
 0000000135    5.00000000    5.00000000    60.0000000
 0000000136    5.00000000    5.00000000    60.0000000
 0000000137    5.00000000    5.00000000    60.0000000
 0000000138    5.00000000    5.00000000    60.0000000
 0000000139    5.00000000    5.00000000    60.0000000
 0000000140    5.00000000    5.00000000    60.0000000
 0000000141    5.00000000    5.00000000    60.0000000
 0000000142    5.00000000    5.00000000    60.0000000
 0000000143    5.00000000    5.00000000    60.0000000
 0000000144    5.00000000    5.00000000    60.0000000
 0000000145    5.00000000    5.00000000    60.0000000
 0000000146    5.00000000    5.00000000    60.0000000
 0000000147    5.00000000    5.00000000    60.0000000
 0000000148    5.00000000    5.00000000    60.0000000
 0000000149    5.00000000    5.00000000    60.0000000
 0000000150    5.00000000    5.00000000    60.0000000
 0000000151    5.00000000    5.00000000    60.0000000
 0000000152    5.00000000    5.00000000    60.0000000
 0000000153    5.00000000    5.00000000    60.0000000
 0000000154    5.00000000    5.00000000    60.0000000
 0000000155    5.00000000    5.00000000    60.0000000
 0000000156    5.00000000    5.00000000    60.0000000
 0000000157    5.00000000    5.00000000    60.0000000
 0000000158    5.00000000    5.00000000    60.0000000
 0000000159    5.00000000    5.00000000    60.0000000
 0000000160    5.00000000    5.00000000    60.0000000
 0000000161    5.00000000    5.00000000    60.0000000
 0000000162    5.00000000    5.00000000    60.0000000
 0000000163    5.00000000    5.00000000    60.0000000
 0000000164    5.00000000    5.00000000    60.0000000
 0000000165    5.00000000    5.00000000    60.0000000
 0000000166    5.00000000    5.00000000    60.0000000
 0000000167    5.00000000    5.00000000    60.0000000
 0000000168    5.00000000    5.00000000    60.0000000
 0000000169    5.00000000    5.00000000    60.0000000
 0000000170    5.00000000    5.00000000    60.0000000
 0000000171    5.00000000    5.00000000    60.0000000
 0000000172    5.00000000    5.00000000    60.0000000
 0000000173    5.00000000    5.00000000    60.0000000
 0000000174    5.00000000    5.00000000    60.0000000
 0000000175    5.00000000    5.00000000    60.0000000
 0000000176    5.00000000    5.00000000    60.0000000
 0000000177    5.00000000    5.00000000    60.0000000
 0000000178    5.00000000    5.00000000    60.0000000
 0000000179    5.00000000    5.00000000    60.0000000
 0000000180    5.00000000    5.00000000    60.0000000
 0000000181    5.00000000    5.00000000    60.0000000
 0000000182    5.00000000    5.00000000    60.0000000
 0000000183    5.00000000    5.00000000    60.0000000
 0000000184    5.00000000    5.00000000    60.0000000
 0000000185    5.00000000    5.00000000    60.0000000
 0000000186    5.00000000    5.00000000    60.0000000
 0000000187    5.00000000    5.00000000    60.0000000
 0000000188    5.00000000    5.00000000    60.0000000
 0000000189    5.00000000    5.00000000    60.0000000
 0000000190    5.00000000    5.00000000    60.0000000
 0000000191    5.00000000    5.00000000    60.0000000
 0000000192    5.00000000    5.00000000    60.0000000
 0000000193    5.00000000    5.00000000    60.0000000
 0000000194    5.00000000    5.00000000    60.0000000
 0000000195    5.00000000    5.00000000    60.0000000
 0000000196    5.00000000    5.00000000    60.0000000
 0000000197    5.00000000    5.00000000    60.0000000
 0000000198    5.00000000    5.00000000    60.0000000
 0000000199    5.00000000    5.00000000    60.0000000
 0000000200    5.00000000    5.00000000    60.0000000
 0000000201    5.00000000    5.00000000    60.0000000
 0000000202    5.00000000    5.00000000    60.0000000
 0000000203    5.00000000    5.00000000    60.0000000
 0000000204    5.00000000    5.00000000    60.0000000
 0000000205    5.00000000    5.00000000    60.0000000
 0000000206    5.00000000    5.00000000    60.0000000
 0000000207    5.00000000    5.00000000    60.0000000
 0000000208    5.00000000    5.00000000    60.0000000
 0000000209    5.00000000    5.00000000    60.0000000
 0000000210    5.00000000    5.00000000    60.0000000
 0000000211    5.00000000    5.00000000    60.0000000
 0000000212    5.00000000    5.00000000    60.0000000
 0000000213    5.00000000    5.00000000    60.0000000
 0000000214    5.00000000    5.00000000    60.0000000
 0000000215    5.00000000    5.00000000    60.0000000
 0000000216    5.00000000    5.00000000    60.0000000
 0000000217    5.00000000    5.00000000    60.0000000
 0000000218    5.00000000    5.00000000    60.0000000
 0000000219    5.00000000    5.00000000    60.0000000
 0000000220    5.00000000    5.00000000    60.0000000
 0000000221    5.00000000    5.00000000    60.0000000
 0000000222    5.00000000    5.00000000    60.0000000
 0000000223    5.00000000    5.00000000    60.0000000
 0000000224    5.00000000    5.00000000    60.0000000
 0000000225    5.00000000    5.00000000    60.0000000
 0000000226    5.00000000    5.00000000    60.0000000
 0000000227    5.00000000    5.00000000    60.0000000
 0000000228    5.00000000    5.00000000    60.0000000
 0000000229    5.00000000    5.00000000    60.0000000
 0000000230    5.00000000    5.00000000    60.0000000
 0000000231    5.00000000    5.00000000    60.0000000
 0000000232    5.00000000    5.00000000    60.0000000
 0000000233    5.00000000    5.00000000    60.0000000
 0000000234    5.00000000    5.00000000    60.0000000
 0000000235    5.00000000    5.00000000    60.0000000
 0000000236    5.00000000    5.00000000    60.0000000
 0000000237    5.00000000    5.00000000    60.0000000
 0000000238    5.00000000    5.00000000    60.0000000
 0000000239    5.00000000    5.00000000    60.0000000
 0000000240    5.00000000    5.00000000    60.0000000
 0000000241    5.00000000    5.00000000    60.0000000
 0000000242    5.00000000    5.00000000    60.0000000
 0000000243    5.00000000    5.00000000    60.0000000
 0000000244    5.00000000    5.00000000    60.0000000
 0000000245    5.00000000    5.00000000    60.0000000
 0000000246    5.00000000    5.00000000    60.0000000
 0000000247    5.00000000    5.00000000    60.0000000
 0000000248    5.00000000    5.00000000    60.0000000
 0000000249    5.00000000    5.00000000    60.0000000
 0000000250    5.00000000    5.00000000    60.0000000
 0000000251    5.00000000    5.00000000    60.0000000
 0000000252    5.00000000    5.00000000    60.0000000
 0000000253    5.00000000    5.00000000    60.0000000
 0000000254    5.00000000    5.00000000    60.0000000
 0000000255    5.00000000    5.00000000    60.0000000
 0000000256    5.00000000    5.00000000    60.0000000
 0000000257    5.00000000    5.00000000    60.0000000
 0000000258    5.00000000    5.00000000    60.0000000
 0000000259    5.00000000    5.00000000    60.0000000
 0000000260    5.00000000    5.00000000    60.0000000
 0000000261    5.00000000    5.00000000    60.0000000
 0000000262    5.00000000    5.00000000    60.0000000
 0000000263    5.00000000    5.00000000    60.0000000
 0000000264    5.00000000    5.00000000    60.0000000
 0000000265    5.00000000    5.00000000    60.0000000
 0000000266    5.00000000    5.00000000    60.0000000
 0000000267    5.00000000    5.00000000    60.0000000
 0000000268    5.00000000    5.00000000    60.0000000
 0000000269    5.00000000    5.00000000    60.0000000
 0000000270    5.00000000    5.00000000    60.0000000
 0000000271    5.00000000    5.00000000    60.0000000
 0000000272    5.00000000    5.00000000    60.0000000
 0000000273    5.00000000    5.00000000    60.0000000
 0000000274    5.00000000    5.00000000    60.0000000
 0000000275    5.00000000    5.00000000    60.0000000
 0000000276    5.00000000    5.00000000    60.0000000
 0000000277    5.00000000    5.00000000    60.0000000
 0000000278    5.00000000    5.00000000    60.0000000
 0000000279    5.00000000    5.00000000    60.0000000
 0000000280    5.00000000    5.00000000    60.0000000
 0000000281    5.00000000    5.00000000    60.0000000
 0000000282    5.00000000    5.00000000    60.0000000
 0000000283    5.00000000    5.00000000    60.0000000
 0000000284    5.00000000    5.00000000    60.0000000
 0000000285    5.00000000    5.00000000    60.0000000
 0000000286    5.00000000    5.00000000    60.0000000
 0000000287    5.00000000    5.00000000    60.0000000
 0000000288    5.00000000    5.00000000    60.0000000
 0000000289    5.00000000    5.00000000    60.0000000
 0000000290    5.00000000    5.00000000    60.0000000
 0000000291    5.00000000    5.00000000    60.0000000
 0000000292    5.00000000    5.00000000    60.0000000
 0000000293    5.00000000    5.00000000    60.0000000
 0000000294    5.00000000    5.00000000    60.0000000
 0000000295    5.00000000    5.00000000    60.0000000
 0000000296    5.00000000    5.00000000    60.0000000
 0000000297    5.00000000    5.00000000    60.0000000
 0000000298    5.00000000    5.00000000    60.0000000
 0000000299    5.00000000    5.00000000    60.0000000
 0000000300    5.00000000    5.00000000    60.0000000
 0000000301    5.00000000    5.00000000    60.0000000
 0000000302    5.00000000    5.00000000    60.0000000
 0000000303    5.00000000    5.00000000    60.0000000
 0000000304    5.00000000    5.00000000    60.0000000
 0000000305    5.00000000    5.00000000    60.0000000
 0000000306    5.00000000    5.00000000    60.0000000
 0000000307    5.00000000    5.00000000    60.0000000
 0000000308    5.00000000    5.00000000    60.0000000
 0000000309    5.00000000    5.00000000    60.0000000
 0000000310    5.00000000    5.00000000    60.0000000
 0000000311    5.00000000    5.00000000    60.0000000
 0000000312    5.00000000    5.00000000    60.0000000
 0000000313    5.00000000    5.00000000    60.0000000
 0000000314    5.00000000    5.00000000    60.0000000
 0000000315    5.00000000    5.00000000    60.0000000
 0000000316    5.00000000    5.00000000    60.0000000
 0000000317    5.00000000    5.00000000    60.0000000
 0000000318    5.00000000    5.00000000    60.0000000
 0000000319    5.00000000    5.00000000    60.0000000
 0000000320    5.00000000    5.00000000    60.0000000
 0000000321    5.00000000    5.00000000    60.0000000
 0000000322    5.00000000    5.00000000    60.0000000
 0000000323    5.00000000    5.00000000    60.0000000
 0000000324    5.00000000    5.00000000    60.0000000
 0000000325    5.00000000    5.00000000    60.0000000
 0000000326    5.00000000    5.00000000    60.0000000
 0000000327    5.00000000    5.00000000    60.0000000
 0000000328    5.00000000    5.00000000    60.0000000
 0000000329    5.00000000    5.00000000    60.0000000
 0000000330    5.00000000    5.00000000    60.0000000
 0000000331    5.00000000    5.00000000    60.0000000
 0000000332    5.00000000    5.00000000    60.0000000
 0000000333    5.00000000    5.00000000    60.0000000
 0000000334    5.00000000    5.00000000    60.0000000
 0000000335    5.00000000    5.00000000    60.0000000
 0000000336    5.00000000    5.00000000    60.0000000
 0000000337    5.00000000    5.00000000    60.0000000
 0000000338    5.00000000    5.00000000    60.0000000
 0000000339    5.00000000    5.00000000    60.0000000
 0000000340    5.00000000    5.00000000    60.0000000
 0000000341    5.00000000    5.00000000    60.0000000
 0000000342    5.00000000    5.00000000    60.0000000
 0000000343    5.00000000    5.00000000    60.0000000
 0000000344    5.00000000    5.00000000    60.0000000
 0000000345    5.00000000    5.00000000    60.0000000
 0000000346    5.00000000    5.00000000    60.0000000
 0000000347    5.00000000    5.00000000    60.0000000
 0000000348    5.00000000    5.00000000    60.0000000
 0000000349    5.00000000    5.00000000    60.0000000
 0000000350    5.00000000    5.00000000    60.0000000
 0000000351    5.00000000    5.00000000    60.0000000
 0000000352    5.00000000    5.00000000    60.0000000
 0000000353    5.00000000    5.00000000    60.0000000
 0000000354    5.00000000    5.00000000    60.0000000
 0000000355    5.00000000    5.00000000    60.0000000
 0000000356    5.00000000    5.00000000    60.0000000
 0000000357    5.00000000    5.00000000    60.0000000
 0000000358    5.00000000    5.00000000    60.0000000
 0000000359    5.00000000    5.00000000    60.0000000
 0000000360    5.00000000    5.00000000    60.0000000
 0000000361    5.00000000    5.00000000    60.0000000
 0000000362    5.00000000    5.00000000    60.0000000
 0000000363    5.00000000    5.00000000    60.0000000
 0000000364    5.00000000    5.00000000    60.0000000
 0000000365    5.00000000    5.00000000    60.0000000
 0000000366    5.00000000    5.00000000    60.0000000
 0000000367    5.00000000    5.00000000    60.0000000
 0000000368    5.00000000    5.00000000    60.0000000
 0000000369    5.00000000    5.00000000    60.0000000
 0000000370    5.00000000    5.00000000    60.0000000
 0000000371    5.00000000    5.00000000    60.0000000
 0000000372    5.00000000    5.00000000    60.0000000
 0000000373    5.00000000    5.00000000    60.0000000
 0000000374    5.00000000    5.00000000    60.0000000
 0000000375    5.00000000    5.00000000    60.0000000
 0000000376    5.00000000    5.00000000    60.0000000
 0000000377    5.00000000    5.00000000    60.0000000
 0000000378    5.00000000    5.00000000    60.0000000
 0000000379    5.00000000    5.00000000    60.0000000
 0000000380    5.00000000    5.00000000    60.0000000
 0000000381    5.00000000    5.00000000    60.0000000
 0000000382    5.00000000    5.00000000    60.0000000
 0000000383    5.00000000    5.00000000    60.0000000
 0000000384    5.00000000    5.00000000    60.0000000
 0000000385    5.00000000    5.00000000    60.0000000
 0000000386    5.00000000    5.00000000    60.0000000
 0000000387    5.00000000    5.00000000    60.0000000
 0000000388    5.00000000    5.00000000    60.0000000
 0000000389    5.00000000    5.00000000    60.0000000
 0000000390    5.00000000    5.00000000    60.0000000
 0000000391    5.00000000    5.00000000    60.0000000
 0000000392    5.00000000    5.00000000    60.0000000
 0000000393    5.00000000    5.00000000    60.0000000
 0000000394    5.00000000    5.00000000    60.0000000
 0000000395    5.00000000    5.00000000    60.0000000
 0000000396    5.00000000    5.00000000    60.0000000
 0000000397    5.00000000    5.00000000    60.0000000
 0000000398    5.00000000    5.00000000    60.0000000
 0000000399    5.00000000    5.00000000    60.0000000
 0000000400    5.00000000    5.00000000    60.0000000
 0000000401    5.00000000    5.00000000    60.0000000
 0000000402    5.00000000    5.00000000    60.0000000
 0000000403    5.00000000    5.00000000    60.0000000
 0000000404    5.00000000    5.00000000    60.0000000
 0000000405    5.00000000    5.00000000    60.0000000
 0000000406    5.00000000    5.00000000    60.0000000
 0000000407    5.00000000    5.00000000    60.0000000
 0000000408    5.00000000    5.00000000    60.0000000
 0000000409    5.00000000    5.00000000    60.0000000
 0000000410    5.00000000    5.00000000    60.0000000
 0000000411    5.00000000    5.00000000    60.0000000
 0000000412    5.00000000    5.00000000    60.0000000
 0000000413    5.00000000    5.00000000    60.0000000
 0000000414    5.00000000    5.00000000    60.0000000
 0000000415    5.00000000    5.00000000    60.0000000
 0000000416    5.00000000    5.00000000    60.0000000
 0000000417    5.00000000    5.00000000    60.0000000
 0000000418    5.00000000    5.00000000    60.0000000
 0000000419    5.00000000    5.00000000    60.0000000
 0000000420    5.00000000    5.00000000    60.0000000
 0000000421    5.00000000    5.00000000    60.0000000
 0000000422    5.00000000    5.00000000    60.0000000
 0000000423    5.00000000    5.00000000    60.0000000
 0000000424    5.00000000    5.00000000    60.0000000
 0000000425    5.00000000    5.00000000    60.0000000
 0000000426    5.00000000    5.00000000    60.0000000
 0000000427    5.00000000    5.00000000    60.0000000
 0000000428    5.00000000    5.00000000    60.0000000
 0000000429    5.00000000    5.00000000    60.0000000
 0000000430    5.00000000    5.00000000    60.0000000
 0000000431    5.00000000    5.00000000    60.0000000
 0000000432    5.00000000    5.00000000    60.0000000
 0000000433    5.00000000    5.00000000    60.0000000
 0000000434    5.00000000    5.00000000    60.0000000
 0000000435    5.00000000    5.00000000    60.0000000
 0000000436    5.00000000    5.00000000    60.0000000
 0000000437    5.00000000    5.00000000    60.0000000
 0000000438    5.00000000    5.00000000    60.0000000
 0000000439    5.00000000    5.00000000    60.0000000
 0000000440    5.00000000    5.00000000    60.0000000
 0000000441    5.00000000    5.00000000    60.0000000
 0000000442    5.00000000    5.00000000    60.0000000
 0000000443    5.00000000    5.00000000    60.0000000
 0000000444    5.00000000    5.00000000    60.0000000
 0000000445    5.00000000    5.00000000    60.0000000
 0000000446    5.00000000    5.00000000    60.0000000
 0000000447    5.00000000    5.00000000    60.0000000
 0000000448    5.00000000    5.00000000    60.0000000
 0000000449    5.00000000    5.00000000    60.0000000
 0000000450    5.00000000    5.00000000    60.0000000
 0000000451    5.00000000    5.00000000    60.0000000
 0000000452    5.00000000    5.00000000    60.0000000
 0000000453    5.00000000    5.00000000    60.0000000
 0000000454    5.00000000    5.00000000    60.0000000
 0000000455    5.00000000    5.00000000    60.0000000
 0000000456    5.00000000    5.00000000    60.0000000
 0000000457    5.00000000    5.00000000    60.0000000
 0000000458    5.00000000    5.00000000    60.0000000
 0000000459    5.00000000    5.00000000    60.0000000
 0000000460    5.00000000    5.00000000    60.0000000
 0000000461    5.00000000    5.00000000    60.0000000
 0000000462    5.00000000    5.00000000    60.0000000
 0000000463    5.00000000    5.00000000    60.0000000
 0000000464    5.00000000    5.00000000    60.0000000
 0000000465    5.00000000    5.00000000    60.0000000
 0000000466    5.00000000    5.00000000    60.0000000
 0000000467    5.00000000    5.00000000    60.0000000
 0000000468    5.00000000    5.00000000    60.0000000
 0000000469    5.00000000    5.00000000    60.0000000
 0000000470    5.00000000    5.00000000    60.0000000
 0000000471    5.00000000    5.00000000    60.0000000
 0000000472    5.00000000    5.00000000    60.0000000
 0000000473    5.00000000    5.00000000    60.0000000
 0000000474    5.00000000    5.00000000    60.0000000
 0000000475    5.00000000    5.00000000    60.0000000
 0000000476    5.00000000    5.00000000    60.0000000
 0000000477    5.00000000    5.00000000    60.0000000
 0000000478    5.00000000    5.00000000    60.0000000
 0000000479    5.00000000    5.00000000    60.0000000
 0000000480    5.00000000    5.00000000    60.0000000
 0000000481    5.00000000    5.00000000    60.0000000
 0000000482    5.00000000    5.00000000    60.0000000
 0000000483    5.00000000    5.00000000    60.0000000
 0000000484    5.00000000    5.00000000    60.0000000
 0000000485    5.00000000    5.00000000    60.0000000
 0000000486    5.00000000    5.00000000    60.0000000
 0000000487    5.00000000    5.00000000    60.0000000
 0000000488    5.00000000    5.00000000    60.0000000
 0000000489    5.00000000    5.00000000    60.0000000
 0000000490    5.00000000    5.00000000    60.0000000
 0000000491    5.00000000    5.00000000    60.0000000
 0000000492    5.00000000    5.00000000    60.0000000
 0000000493    5.00000000    5.00000000    60.0000000
 0000000494    5.00000000    5.00000000    60.0000000
 0000000495    5.00000000    5.00000000    60.0000000
 0000000496    5.00000000    5.00000000    60.0000000
 0000000497    5.00000000    5.00000000    60.0000000
 0000000498    5.00000000    5.00000000    60.0000000
 0000000499    5.00000000    5.00000000    60.0000000
 0000000500    5.00000000    5.00000000    60.0000000
 0000000501    5.00000000    5.00000000    60.0000000
 0000000502    5.00000000    5.00000000    60.0000000
 0000000503    5.00000000    5.00000000    60.0000000
 0000000504    5.00000000    5.00000000    60.0000000
 0000000505    5.00000000    5.00000000    60.0000000
 0000000506    5.00000000    5.00000000    60.0000000
 0000000507    5.00000000    5.00000000    60.0000000
 0000000508    5.00000000    5.00000000    60.0000000
 0000000509    5.00000000    5.00000000    60.0000000
 0000000510    5.00000000    5.00000000    60.0000000
 0000000511    5.00000000    5.00000000    60.0000000
 0000000512    5.00000000    5.00000000    60.0000000
 0000000513    5.00000000    5.00000000    60.0000000
 0000000514    5.00000000    5.00000000    60.0000000
 0000000515    5.00000000    5.00000000    60.0000000
 0000000516    5.00000000    5.00000000    60.0000000
 0000000517    5.00000000    5.00000000    60.0000000
 0000000518    5.00000000    5.00000000    60.0000000
 0000000519    5.00000000    5.00000000    60.0000000
 0000000520    5.00000000    5.00000000    60.0000000
 0000000521    5.00000000    5.00000000    60.0000000
 0000000522    5.00000000    5.00000000    60.0000000
 0000000523    5.00000000    5.00000000    60.0000000
 0000000524    5.00000000    5.00000000    60.0000000
 0000000525    5.00000000    5.00000000    60.0000000
 0000000526    5.00000000    5.00000000    60.0000000
 0000000527    5.00000000    5.00000000    60.0000000
 0000000528    5.00000000    5.00000000    60.0000000
 0000000529    5.00000000    5.00000000    60.0000000
 0000000530    5.00000000    5.00000000    60.0000000
 0000000531    5.00000000    5.00000000    60.0000000
 0000000532    5.00000000    5.00000000    60.0000000
 0000000533    5.00000000    5.00000000    60.0000000
 0000000534    5.00000000    5.00000000    60.0000000
 0000000535    5.00000000    5.00000000    60.0000000
 0000000536    5.00000000    5.00000000    60.0000000
 0000000537    5.00000000    5.00000000    60.0000000
 0000000538    5.00000000    5.00000000    60.0000000
 0000000539    5.00000000    5.00000000    60.0000000
 0000000540    5.00000000    5.00000000    60.0000000
 0000000541    5.00000000    5.00000000    60.0000000
 0000000542    5.00000000    5.00000000    60.0000000
 0000000543    5.00000000    5.00000000    60.0000000
 0000000544    5.00000000    5.00000000    60.0000000
 0000000545    5.00000000    5.00000000    60.0000000
 0000000546    5.00000000    5.00000000    60.0000000
 0000000547    5.00000000    5.00000000    60.0000000
 0000000548    5.00000000    5.00000000    60.0000000
 0000000549    5.00000000    5.00000000    60.0000000
 0000000550    5.00000000    5.00000000    60.0000000
 0000000551    5.00000000    5.00000000    60.0000000
 0000000552    5.00000000    5.00000000    60.0000000
 0000000553    5.00000000    5.00000000    60.0000000
 0000000554    5.00000000    5.00000000    60.0000000
 0000000555    5.00000000    5.00000000    60.0000000
 0000000556    5.00000000    5.00000000    60.0000000
 0000000557    5.00000000    5.00000000    60.0000000
 0000000558    5.00000000    5.00000000    60.0000000
 0000000559    5.00000000    5.00000000    60.0000000
 0000000560    5.00000000    5.00000000    60.0000000
 0000000561    5.00000000    5.00000000    60.0000000
 0000000562    5.00000000    5.00000000    60.0000000
 0000000563    5.00000000    5.00000000    60.0000000
 0000000564    5.00000000    5.00000000    60.0000000
 0000000565    5.00000000    5.00000000    60.0000000
 0000000566    5.00000000    5.00000000    60.0000000
 0000000567    5.00000000    5.00000000    60.0000000
 0000000568    5.00000000    5.00000000    60.0000000
 0000000569    5.00000000    5.00000000    60.0000000
 0000000570    5.00000000    5.00000000    60.0000000
 0000000571    5.00000000    5.00000000    60.0000000
 0000000572    5.00000000    5.00000000    60.0000000
 0000000573    5.00000000    5.00000000    60.0000000
 0000000574    5.00000000    5.00000000    60.0000000
 0000000575    5.00000000    5.00000000    60.0000000
 0000000576    5.00000000    5.00000000    60.0000000
 0000000577    5.00000000    5.00000000    60.0000000
 0000000578    5.00000000    5.00000000    60.0000000
 0000000579    5.00000000    5.00000000    60.0000000
 0000000580    5.00000000    5.00000000    60.0000000
 0000000581    5.00000000    5.00000000    60.0000000
 0000000582    5.00000000    5.00000000    60.0000000
 0000000583    5.00000000    5.00000000    60.0000000
 0000000584    5.00000000    5.00000000    60.0000000
 0000000585    5.00000000    5.00000000    60.0000000
 0000000586    5.00000000    5.00000000    60.0000000
 0000000587    5.00000000    5.00000000    60.0000000
 0000000588    5.00000000    5.00000000    60.0000000
 0000000589    5.00000000    5.00000000    60.0000000
 0000000590    5.00000000    5.00000000    60.0000000
 0000000591    5.00000000    5.00000000    60.0000000
 0000000592    5.00000000    5.00000000    60.0000000
 0000000593    5.00000000    5.00000000    60.0000000
 0000000594    5.00000000    5.00000000    60.0000000
 0000000595    5.00000000    5.00000000    60.0000000
 0000000596    5.00000000    5.00000000    60.0000000
 0000000597    5.00000000    5.00000000    60.0000000
 0000000598    5.00000000    5.00000000    60.0000000
 0000000599    5.00000000    5.00000000    60.0000000
 0000000600    5.00000000    5.00000000    60.0000000
 0000000601    5.00000000    5.00000000    60.0000000
 0000000602    5.00000000    5.00000000    60.0000000
 0000000603    5.00000000    5.00000000    60.0000000
 0000000604    5.00000000    5.00000000    60.0000000
 0000000605    5.00000000    5.00000000    60.0000000
 0000000606    5.00000000    5.00000000    60.0000000
 0000000607    5.00000000    5.00000000    60.0000000
 0000000608    5.00000000    5.00000000    60.0000000
 0000000609    5.00000000    5.00000000    60.0000000
 0000000610    5.00000000    5.00000000    60.0000000
 0000000611    5.00000000    5.00000000    60.0000000
 0000000612    5.00000000    5.00000000    60.0000000
 0000000613    5.00000000    5.00000000    60.0000000
 0000000614    5.00000000    5.00000000    60.0000000
 0000000615    5.00000000    5.00000000    60.0000000
 0000000616    5.00000000    5.00000000    60.0000000
 0000000617    5.00000000    5.00000000    60.0000000
 0000000618    5.00000000    5.00000000    60.0000000
 0000000619    5.00000000    5.00000000    60.0000000
 0000000620    5.00000000    5.00000000    60.0000000
 0000000621    5.00000000    5.00000000    60.0000000
 0000000622    5.00000000    5.00000000    60.0000000
 0000000623    5.00000000    5.00000000    60.0000000
 0000000624    5.00000000    5.00000000    60.0000000
 0000000625    5.00000000    5.00000000    60.0000000
 0000000626    5.00000000    5.00000000    60.0000000
 0000000627    5.00000000    5.00000000    60.0000000
 0000000628    5.00000000    5.00000000    60.0000000
 0000000629    5.00000000    5.00000000    60.0000000
 0000000630    5.00000000    5.00000000    60.0000000
 0000000631    5.00000000    5.00000000    60.0000000
 0000000632    5.00000000    5.00000000    60.0000000
 0000000633    5.00000000    5.00000000    60.0000000
 0000000634    5.00000000    5.00000000    60.0000000
 0000000635    5.00000000    5.00000000    60.0000000
 0000000636    5.00000000    5.00000000    60.0000000
 0000000637    5.00000000    5.00000000    60.0000000
 0000000638    5.00000000    5.00000000    60.0000000
 0000000639    5.00000000    5.00000000    60.0000000
 0000000640    5.00000000    5.00000000    60.0000000
 0000000641    5.00000000    5.00000000    60.0000000
 0000000642    5.00000000    5.00000000    60.0000000
 0000000643    5.00000000    5.00000000    60.0000000
 0000000644    5.00000000    5.00000000    60.0000000
 0000000645    5.00000000    5.00000000    60.0000000
 0000000646    5.00000000    5.00000000    60.0000000
 0000000647    5.00000000    5.00000000    60.0000000
 0000000648    5.00000000    5.00000000    60.0000000
 0000000649    5.00000000    5.00000000    60.0000000
 0000000650    5.00000000    5.00000000    60.0000000
 0000000651    5.00000000    5.00000000    60.0000000
 0000000652    5.00000000    5.00000000    60.0000000
 0000000653    5.00000000    5.00000000    60.0000000
 0000000654    5.00000000    5.00000000    60.0000000
 0000000655    5.00000000    5.00000000    60.0000000
 0000000656    5.00000000    5.00000000    60.0000000
 0000000657    5.00000000    5.00000000    60.0000000
 0000000658    5.00000000    5.00000000    60.0000000
 0000000659    5.00000000    5.00000000    60.0000000
 0000000660    5.00000000    5.00000000    60.0000000
 0000000661    5.00000000    5.00000000    60.0000000
 0000000662    5.00000000    5.00000000    60.0000000
 0000000663    5.00000000    5.00000000    60.0000000
 0000000664    5.00000000    5.00000000    60.0000000
 0000000665    5.00000000    5.00000000    60.0000000
 0000000666    5.00000000    5.00000000    60.0000000
 0000000667    5.00000000    5.00000000    60.0000000
 0000000668    5.00000000    5.00000000    60.0000000
 0000000669    5.00000000    5.00000000    60.0000000
 0000000670    5.00000000    5.00000000    60.0000000
 0000000671    5.00000000    5.00000000    60.0000000
 0000000672    5.00000000    5.00000000    60.0000000
 0000000673    5.00000000    5.00000000    60.0000000
 0000000674    5.00000000    5.00000000    60.0000000
 0000000675    5.00000000    5.00000000    60.0000000
 0000000676    5.00000000    5.00000000    60.0000000
 0000000677    5.00000000    5.00000000    60.0000000
 0000000678    5.00000000    5.00000000    60.0000000
 0000000679    5.00000000    5.00000000    60.0000000
 0000000680    5.00000000    5.00000000    60.0000000
 0000000681    5.00000000    5.00000000    60.0000000
 0000000682    5.00000000    5.00000000    60.0000000
 0000000683    5.00000000    5.00000000    60.0000000
 0000000684    5.00000000    5.00000000    60.0000000
 0000000685    5.00000000    5.00000000    60.0000000
 0000000686    5.00000000    5.00000000    60.0000000
 0000000687    5.00000000    5.00000000    60.0000000
 0000000688    5.00000000    5.00000000    60.0000000
 0000000689    5.00000000    5.00000000    60.0000000
 0000000690    5.00000000    5.00000000    60.0000000
 0000000691    5.00000000    5.00000000    60.0000000
 0000000692    5.00000000    5.00000000    60.0000000
 0000000693    5.00000000    5.00000000    60.0000000
 0000000694    5.00000000    5.00000000    60.0000000
 0000000695    5.00000000    5.00000000    60.0000000
 0000000696    5.00000000    5.00000000    60.0000000
 0000000697    5.00000000    5.00000000    60.0000000
 0000000698    5.00000000    5.00000000    60.0000000
 0000000699    5.00000000    5.00000000    60.0000000
 0000000700    5.00000000    5.00000000    60.0000000
 0000000701    5.00000000    5.00000000    60.0000000
 0000000702    5.00000000    5.00000000    60.0000000
 0000000703    5.00000000    5.00000000    60.0000000
 0000000704    5.00000000    5.00000000    60.0000000
 0000000705    5.00000000    5.00000000    60.0000000
 0000000706    5.00000000    5.00000000    60.0000000
 0000000707    5.00000000    5.00000000    60.0000000
 0000000708    5.00000000    5.00000000    60.0000000
 0000000709    5.00000000    5.00000000    60.0000000
 0000000710    5.00000000    5.00000000    60.0000000
 0000000711    5.00000000    5.00000000    60.0000000
 0000000712    5.00000000    5.00000000    60.0000000
 0000000713    5.00000000    5.00000000    60.0000000
 0000000714    5.00000000    5.00000000    60.0000000
 0000000715    5.00000000    5.00000000    60.0000000
 0000000716    5.00000000    5.00000000    60.0000000
 0000000717    5.00000000    5.00000000    60.0000000
 0000000718    5.00000000    5.00000000    60.0000000
 0000000719    5.00000000    5.00000000    60.0000000
 0000000720    5.00000000    5.00000000    60.0000000
 0000000721    5.00000000    5.00000000    60.0000000
 0000000722    5.00000000    5.00000000    60.0000000
 0000000723    5.00000000    5.00000000    60.0000000
 0000000724    5.00000000    5.00000000    60.0000000
 0000000725    5.00000000    5.00000000    60.0000000
 0000000726    5.00000000    5.00000000    60.0000000
 0000000727    5.00000000    5.00000000    60.0000000
 0000000728    5.00000000    5.00000000    60.0000000
 0000000729    5.00000000    5.00000000    60.0000000
 0000000730    5.00000000    5.00000000    60.0000000
 0000000731    5.00000000    5.00000000    60.0000000
 0000000732    5.00000000    5.00000000    60.0000000
 0000000733    5.00000000    5.00000000    60.0000000
 0000000734    5.00000000    5.00000000    60.0000000
 0000000735    5.00000000    5.00000000    60.0000000
 0000000736    5.00000000    5.00000000    60.0000000
 0000000737    5.00000000    5.00000000    60.0000000
 0000000738    5.00000000    5.00000000    60.0000000
 0000000739    5.00000000    5.00000000    60.0000000
 0000000740    5.00000000    5.00000000    60.0000000
 0000000741    5.00000000    5.00000000    60.0000000
 0000000742    5.00000000    5.00000000    60.0000000
 0000000743    5.00000000    5.00000000    60.0000000
 0000000744    5.00000000    5.00000000    60.0000000
 0000000745    5.00000000    5.00000000    60.0000000
 0000000746    5.00000000    5.00000000    60.0000000
 0000000747    5.00000000    5.00000000    60.0000000
 0000000748    5.00000000    5.00000000    60.0000000
 0000000749    5.00000000    5.00000000    60.0000000
 0000000750    5.00000000    5.00000000    60.0000000
 0000000751    5.00000000    5.00000000    60.0000000
 0000000752    5.00000000    5.00000000    60.0000000
 0000000753    5.00000000    5.00000000    60.0000000
 0000000754    5.00000000    5.00000000    60.0000000
 0000000755    5.00000000    5.00000000    60.0000000
 0000000756    5.00000000    5.00000000    60.0000000
 0000000757    5.00000000    5.00000000    60.0000000
 0000000758    5.00000000    5.00000000    60.0000000
 0000000759    5.00000000    5.00000000    60.0000000
 0000000760    5.00000000    5.00000000    60.0000000
 0000000761    5.00000000    5.00000000    60.0000000
 0000000762    5.00000000    5.00000000    60.0000000
 0000000763    5.00000000    5.00000000    60.0000000
 0000000764    5.00000000    5.00000000    60.0000000
 0000000765    5.00000000    5.00000000    60.0000000
 0000000766    5.00000000    5.00000000    60.0000000
 0000000767    5.00000000    5.00000000    60.0000000
 0000000768    5.00000000    5.00000000    60.0000000
 0000000769    5.00000000    5.00000000    60.0000000
 0000000770    5.00000000    5.00000000    60.0000000
 0000000771    5.00000000    5.00000000    60.0000000
 0000000772    5.00000000    5.00000000    60.0000000
 0000000773    5.00000000    5.00000000    60.0000000
 0000000774    5.00000000    5.00000000    60.0000000
 0000000775    5.00000000    5.00000000    60.0000000
 0000000776    5.00000000    5.00000000    60.0000000
 0000000777    5.00000000    5.00000000    60.0000000
 0000000778    5.00000000    5.00000000    60.0000000
 0000000779    5.00000000    5.00000000    60.0000000
 0000000780    5.00000000    5.00000000    60.0000000
 0000000781    5.00000000    5.00000000    60.0000000
 0000000782    5.00000000    5.00000000    60.0000000
 0000000783    5.00000000    5.00000000    60.0000000
 0000000784    5.00000000    5.00000000    60.0000000
 0000000785    5.00000000    5.00000000    60.0000000
 0000000786    5.00000000    5.00000000    60.0000000
 0000000787    5.00000000    5.00000000    60.0000000
 0000000788    5.00000000    5.00000000    60.0000000
 0000000789    5.00000000    5.00000000    60.0000000
 0000000790    5.00000000    5.00000000    60.0000000
 0000000791    5.00000000    5.00000000    60.0000000
 0000000792    5.00000000    5.00000000    60.0000000
 0000000793    5.00000000    5.00000000    60.0000000
 0000000794    5.00000000    5.00000000    60.0000000
 0000000795    5.00000000    5.00000000    60.0000000
 0000000796    5.00000000    5.00000000    60.0000000
 0000000797    5.00000000    5.00000000    60.0000000
 0000000798    5.00000000    5.00000000    60.0000000
 0000000799    5.00000000    5.00000000    60.0000000
 0000000800    5.00000000    5.00000000    60.0000000
 0000000801    5.00000000    5.00000000    60.0000000
 0000000802    5.00000000    5.00000000    60.0000000
 0000000803    5.00000000    5.00000000    60.0000000
 0000000804    5.00000000    5.00000000    60.0000000
 0000000805    5.00000000    5.00000000    60.0000000
 0000000806    5.00000000    5.00000000    60.0000000
 0000000807    5.00000000    5.00000000    60.0000000
 0000000808    5.00000000    5.00000000    60.0000000
 0000000809    5.00000000    5.00000000    60.0000000
 0000000810    5.00000000    5.00000000    60.0000000
 0000000811    5.00000000    5.00000000    60.0000000
 0000000812    5.00000000    5.00000000    60.0000000
 0000000813    5.00000000    5.00000000    60.0000000
 0000000814    5.00000000    5.00000000    60.0000000
 0000000815    5.00000000    5.00000000    60.0000000
 0000000816    5.00000000    5.00000000    60.0000000
 0000000817    5.00000000    5.00000000    60.0000000
 0000000818    5.00000000    5.00000000    60.0000000
 0000000819    5.00000000    5.00000000    60.0000000
 0000000820    5.00000000    5.00000000    60.0000000
 0000000821    5.00000000    5.00000000    60.0000000
 0000000822    5.00000000    5.00000000    60.0000000
 0000000823    5.00000000    5.00000000    60.0000000
 0000000824    5.00000000    5.00000000    60.0000000
 0000000825    5.00000000    5.00000000    60.0000000
 0000000826    5.00000000    5.00000000    60.0000000
 0000000827    5.00000000    5.00000000    60.0000000
 0000000828    5.00000000    5.00000000    60.0000000
 0000000829    5.00000000    5.00000000    60.0000000
 0000000830    5.00000000    5.00000000    60.0000000
 0000000831    5.00000000    5.00000000    60.0000000
 0000000832    5.00000000    5.00000000    60.0000000
 0000000833    5.00000000    5.00000000    60.0000000
 0000000834    5.00000000    5.00000000    60.0000000
 0000000835    5.00000000    5.00000000    60.0000000
 0000000836    5.00000000    5.00000000    60.0000000
 0000000837    5.00000000    5.00000000    60.0000000
 0000000838    5.00000000    5.00000000    60.0000000
 0000000839    5.00000000    5.00000000    60.0000000
 0000000840    5.00000000    5.00000000    60.0000000
 0000000841    5.00000000    5.00000000    60.0000000
 0000000842    5.00000000    5.00000000    60.0000000
 0000000843    5.00000000    5.00000000    60.0000000
 0000000844    5.00000000    5.00000000    60.0000000
 0000000845    5.00000000    5.00000000    60.0000000
 0000000846    5.00000000    5.00000000    60.0000000
 0000000847    5.00000000    5.00000000    60.0000000
 0000000848    5.00000000    5.00000000    60.0000000
 0000000849    5.00000000    5.00000000    60.0000000
 0000000850    5.00000000    5.00000000    60.0000000
 0000000851    5.00000000    5.00000000    60.0000000
 0000000852    5.00000000    5.00000000    60.0000000
 0000000853    5.00000000    5.00000000    60.0000000
 0000000854    5.00000000    5.00000000    60.0000000
 0000000855    5.00000000    5.00000000    60.0000000
 0000000856    5.00000000    5.00000000    60.0000000
 0000000857    5.00000000    5.00000000    60.0000000
 0000000858    5.00000000    5.00000000    60.0000000
 0000000859    5.00000000    5.00000000    60.0000000
 0000000860    5.00000000    5.00000000    60.0000000
 0000000861    5.00000000    5.00000000    60.0000000
 0000000862    5.00000000    5.00000000    60.0000000
 0000000863    5.00000000    5.00000000    60.0000000
 0000000864    5.00000000    5.00000000    60.0000000
 0000000865    5.00000000    5.00000000    60.0000000
 0000000866    5.00000000    5.00000000    60.0000000
 0000000867    5.00000000    5.00000000    60.0000000
 0000000868    5.00000000    5.00000000    60.0000000
 0000000869    5.00000000    5.00000000    60.0000000
 0000000870    5.00000000    5.00000000    60.0000000
 0000000871    5.00000000    5.00000000    60.0000000
 0000000872    5.00000000    5.00000000    60.0000000
 0000000873    5.00000000    5.00000000    60.0000000
 0000000874    5.00000000    5.00000000    60.0000000
 0000000875    5.00000000    5.00000000    60.0000000
 0000000876    5.00000000    5.00000000    60.0000000
 0000000877    5.00000000    5.00000000    60.0000000
 0000000878    5.00000000    5.00000000    60.0000000
 0000000879    5.00000000    5.00000000    60.0000000
 0000000880    5.00000000    5.00000000    60.0000000
 0000000881    5.00000000    5.00000000    60.0000000
 0000000882    5.00000000    5.00000000    60.0000000
 0000000883    5.00000000    5.00000000    60.0000000
 0000000884    5.00000000    5.00000000    60.0000000
 0000000885    5.00000000    5.00000000    60.0000000
 0000000886    5.00000000    5.00000000    60.0000000
 0000000887    5.00000000    5.00000000    60.0000000
 0000000888    5.00000000    5.00000000    60.0000000
 0000000889    5.00000000    5.00000000    60.0000000
 0000000890    5.00000000    5.00000000    60.0000000
 0000000891    5.00000000    5.00000000    60.0000000
 0000000892    5.00000000    5.00000000    60.0000000
 0000000893    5.00000000    5.00000000    60.0000000
 0000000894    5.00000000    5.00000000    60.0000000
 0000000895    5.00000000    5.00000000    60.0000000
 0000000896    5.00000000    5.00000000    60.0000000
 0000000897    5.00000000    5.00000000    60.0000000
 0000000898    5.00000000    5.00000000    60.0000000
 0000000899    5.00000000    5.00000000    60.0000000
 0000000900    5.00000000    5.00000000    60.0000000
 0000000901    5.00000000    5.00000000    60.0000000
 0000000902    5.00000000    5.00000000    60.0000000
 0000000903    5.00000000    5.00000000    60.0000000
 0000000904    5.00000000    5.00000000    60.0000000
 0000000905    5.00000000    5.00000000    60.0000000
 0000000906    5.00000000    5.00000000    60.0000000
 0000000907    5.00000000    5.00000000    60.0000000
 0000000908    5.00000000    5.00000000    60.0000000
 0000000909    5.00000000    5.00000000    60.0000000
 0000000910    5.00000000    5.00000000    60.0000000
 0000000911    5.00000000    5.00000000    60.0000000
 0000000912    5.00000000    5.00000000    60.0000000
 0000000913    5.00000000    5.00000000    60.0000000
 0000000914    5.00000000    5.00000000    60.0000000
 0000000915    5.00000000    5.00000000    60.0000000
 0000000916    5.00000000    5.00000000    60.0000000
 0000000917    5.00000000    5.00000000    60.0000000
 0000000918    5.00000000    5.00000000    60.0000000
 0000000919    5.00000000    5.00000000    60.0000000
 0000000920    5.00000000    5.00000000    60.0000000
 0000000921    5.00000000    5.00000000    60.0000000
 0000000922    5.00000000    5.00000000    60.0000000
 0000000923    5.00000000    5.00000000    60.0000000
 0000000924    5.00000000    5.00000000    60.0000000
 0000000925    5.00000000    5.00000000    60.0000000
 0000000926    5.00000000    5.00000000    60.0000000
 0000000927    5.00000000    5.00000000    60.0000000
 0000000928    5.00000000    5.00000000    60.0000000
 0000000929    5.00000000    5.00000000    60.0000000
 0000000930    5.00000000    5.00000000    60.0000000
 0000000931    5.00000000    5.00000000    60.0000000
 0000000932    5.00000000    5.00000000    60.0000000
 0000000933    5.00000000    5.00000000    60.0000000
 0000000934    5.00000000    5.00000000    60.0000000
 0000000935    5.00000000    5.00000000    60.0000000
 0000000936    5.00000000    5.00000000    60.0000000
 0000000937    5.00000000    5.00000000    60.0000000
 0000000938    5.00000000    5.00000000    60.0000000
 0000000939    5.00000000    5.00000000    60.0000000
 0000000940    5.00000000    5.00000000    60.0000000
 0000000941    5.00000000    5.00000000    60.0000000
 0000000942    5.00000000    5.00000000    60.0000000
 0000000943    5.00000000    5.00000000    60.0000000
 0000000944    5.00000000    5.00000000    60.0000000
 0000000945    5.00000000    5.00000000    60.0000000
 0000000946    5.00000000    5.00000000    60.0000000
 0000000947    5.00000000    5.00000000    60.0000000
 0000000948    5.00000000    5.00000000    60.0000000
 0000000949    5.00000000    5.00000000    60.0000000
 0000000950    5.00000000    5.00000000    60.0000000
 0000000951    5.00000000    5.00000000    60.0000000
 0000000952    5.00000000    5.00000000    60.0000000
 0000000953    5.00000000    5.00000000    60.0000000
 0000000954    5.00000000    5.00000000    60.0000000
 0000000955    5.00000000    5.00000000    60.0000000
 0000000956    5.00000000    5.00000000    60.0000000
 0000000957    5.00000000    5.00000000    60.0000000
 0000000958    5.00000000    5.00000000    60.0000000
 0000000959    5.00000000    5.00000000    60.0000000
 0000000960    5.00000000    5.00000000    60.0000000
 0000000961    5.00000000    5.00000000    60.0000000
 0000000962    5.00000000    5.00000000    60.0000000
 0000000963    5.00000000    5.00000000    60.0000000
 0000000964    5.00000000    5.00000000    60.0000000
 0000000965    5.00000000    5.00000000    60.0000000
 0000000966    5.00000000    5.00000000    60.0000000
 0000000967    5.00000000    5.00000000    60.0000000
 0000000968    5.00000000    5.00000000    60.0000000
 0000000969    5.00000000    5.00000000    60.0000000
 0000000970    5.00000000    5.00000000    60.0000000
 0000000971    5.00000000    5.00000000    60.0000000
 0000000972    5.00000000    5.00000000    60.0000000
 0000000973    5.00000000    5.00000000    60.0000000
 0000000974    5.00000000    5.00000000    60.0000000
 0000000975    5.00000000    5.00000000    60.0000000
 0000000976    5.00000000    5.00000000    60.0000000
 0000000977    5.00000000    5.00000000    60.0000000
 0000000978    5.00000000    5.00000000    60.0000000
 0000000979    5.00000000    5.00000000    60.0000000
 0000000980    5.00000000    5.00000000    60.0000000
 0000000981    5.00000000    5.00000000    60.0000000
 0000000982    5.00000000    5.00000000    60.0000000
 0000000983    5.00000000    5.00000000    60.0000000
 0000000984    5.00000000    5.00000000    60.0000000
 0000000985    5.00000000    5.00000000    60.0000000
 0000000986    5.00000000    5.00000000    60.0000000
 0000000987    5.00000000    5.00000000    60.0000000
 0000000988    5.00000000    5.00000000    60.0000000
 0000000989    5.00000000    5.00000000    60.0000000
 0000000990    5.00000000    5.00000000    60.0000000
 0000000991    5.00000000    5.00000000    60.0000000
 0000000992    5.00000000    5.00000000    60.0000000
 0000000993    5.00000000    5.00000000    60.0000000
 0000000994    5.00000000    5.00000000    60.0000000
 0000000995    5.00000000    5.00000000    60.0000000
 0000000996    5.00000000    5.00000000    60.0000000
 0000000997    5.00000000    5.00000000    60.0000000
 0000000998    5.00000000    5.00000000    60.0000000
 0000000999    5.00000000    5.00000000    60.0000000
 0000001000    5.00000000    5.00000000    60.0000000
 0000001001    5.00000000    5.00000000    60.0000000
 0000001002    5.00000000    5.00000000    60.0000000
 0000001003    5.00000000    5.00000000    60.0000000
 0000001004    5.00000000    5.00000000    60.0000000
 0000001005    5.00000000    5.00000000    60.0000000
 0000001006    5.00000000    5.00000000    60.0000000
 0000001007    5.00000000    5.00000000    60.0000000
 0000001008    5.00000000    5.00000000    60.0000000
 0000001009    5.00000000    5.00000000    60.0000000
 0000001010    5.00000000    5.00000000    60.0000000
 0000001011    5.00000000    5.00000000    60.0000000
 0000001012    5.00000000    5.00000000    60.0000000
 0000001013    5.00000000    5.00000000    60.0000000
 0000001014    5.00000000    5.00000000    60.0000000
 0000001015    5.00000000    5.00000000    60.0000000
 0000001016    5.00000000    5.00000000    60.0000000
 0000001017    5.00000000    5.00000000    60.0000000
 0000001018    5.00000000    5.00000000    60.0000000
 0000001019    5.00000000    5.00000000    60.0000000
 0000001020    5.00000000    5.00000000    60.0000000
 0000001021    5.00000000    5.00000000    60.0000000
 0000001022    5.00000000    5.00000000    60.0000000
 0000001023    5.00000000    5.00000000    60.0000000
 0000001024    5.00000000    5.00000000    60.0000000
 0000001025    5.00000000    5.00000000    60.0000000
 0000001026    5.00000000    5.00000000    60.0000000
 0000001027    5.00000000    5.00000000    60.0000000
 0000001028    5.00000000    5.00000000    60.0000000
 0000001029    5.00000000    5.00000000    60.0000000
 0000001030    5.00000000    5.00000000    60.0000000
 0000001031    5.00000000    5.00000000    60.0000000
 0000001032    5.00000000    5.00000000    60.0000000
 0000001033    5.00000000    5.00000000    60.0000000
 0000001034    5.00000000    5.00000000    60.0000000
 0000001035    5.00000000    5.00000000    60.0000000
 0000001036    5.00000000    5.00000000    60.0000000
 0000001037    5.00000000    5.00000000    60.0000000
 0000001038    5.00000000    5.00000000    60.0000000
 0000001039    5.00000000    5.00000000    60.0000000
 0000001040    5.00000000    5.00000000    60.0000000
 0000001041    5.00000000    5.00000000    60.0000000
 0000001042    5.00000000    5.00000000    60.0000000
 0000001043    5.00000000    5.00000000    60.0000000
 0000001044    5.00000000    5.00000000    60.0000000
 0000001045    5.00000000    5.00000000    60.0000000
 0000001046    5.00000000    5.00000000    60.0000000
 0000001047    5.00000000    5.00000000    60.0000000
 0000001048    5.00000000    5.00000000    60.0000000
 0000001049    5.00000000    5.00000000    60.0000000
 0000001050    5.00000000    5.00000000    60.0000000
 0000001051    5.00000000    5.00000000    60.0000000
 0000001052    5.00000000    5.00000000    60.0000000
 0000001053    5.00000000    5.00000000    60.0000000
 0000001054    5.00000000    5.00000000    60.0000000
 0000001055    5.00000000    5.00000000    60.0000000
 0000001056    5.00000000    5.00000000    60.0000000
 0000001057    5.00000000    5.00000000    60.0000000
 0000001058    5.00000000    5.00000000    60.0000000
 0000001059    5.00000000    5.00000000    60.0000000
 0000001060    5.00000000    5.00000000    60.0000000
 0000001061    5.00000000    5.00000000    60.0000000
 0000001062    5.00000000    5.00000000    60.0000000
 0000001063    5.00000000    5.00000000    60.0000000
 0000001064    5.00000000    5.00000000    60.0000000
 0000001065    5.00000000    5.00000000    60.0000000
 0000001066    5.00000000    5.00000000    60.0000000
 0000001067    5.00000000    5.00000000    60.0000000
 0000001068    5.00000000    5.00000000    60.0000000
 0000001069    5.00000000    5.00000000    60.0000000
 0000001070    5.00000000    5.00000000    60.0000000
 0000001071    5.00000000    5.00000000    60.0000000
 0000001072    5.00000000    5.00000000    60.0000000
 0000001073    5.00000000    5.00000000    60.0000000
 0000001074    5.00000000    5.00000000    60.0000000
 0000001075    5.00000000    5.00000000    60.0000000
 0000001076    5.00000000    5.00000000    60.0000000
 0000001077    5.00000000    5.00000000    60.0000000
 0000001078    5.00000000    5.00000000    60.0000000
 0000001079    5.00000000    5.00000000    60.0000000
 0000001080    5.00000000    5.00000000    60.0000000
 0000001081    5.00000000    5.00000000    60.0000000
 0000001082    5.00000000    5.00000000    60.0000000
 0000001083    5.00000000    5.00000000    60.0000000
 0000001084    5.00000000    5.00000000    60.0000000
 0000001085    5.00000000    5.00000000    60.0000000
 0000001086    5.00000000    5.00000000    60.0000000
 0000001087    5.00000000    5.00000000    60.0000000
 0000001088    5.00000000    5.00000000    60.0000000
 0000001089    5.00000000    5.00000000    60.0000000
 0000001090    5.00000000    5.00000000    60.0000000
 0000001091    5.00000000    5.00000000    60.0000000
 0000001092    5.00000000    5.00000000    60.0000000
 0000001093    5.00000000    5.00000000    60.0000000
 0000001094    5.00000000    5.00000000    60.0000000
 0000001095    5.00000000    5.00000000    60.0000000
 0000001096    5.00000000    5.00000000    60.0000000
 0000001097    5.00000000    5.00000000    60.0000000
 0000001098    5.00000000    5.00000000    60.0000000
 0000001099    5.00000000    5.00000000    60.0000000
 0000001100    5.00000000    5.00000000    60.0000000
 0000001101    5.00000000    5.00000000    60.0000000
 0000001102    5.00000000    5.00000000    60.0000000
 0000001103    5.00000000    5.00000000    60.0000000
 0000001104    5.00000000    5.00000000    60.0000000
 0000001105    5.00000000    5.00000000    60.0000000
 0000001106    5.00000000    5.00000000    60.0000000
 0000001107    5.00000000    5.00000000    60.0000000
 0000001108    5.00000000    5.00000000    60.0000000
 0000001109    5.00000000    5.00000000    60.0000000
 0000001110    5.00000000    5.00000000    60.0000000
 0000001111    5.00000000    5.00000000    60.0000000
 0000001112    5.00000000    5.00000000    60.0000000
 0000001113    5.00000000    5.00000000    60.0000000
 0000001114    5.00000000    5.00000000    60.0000000
 0000001115    5.00000000    5.00000000    60.0000000
 0000001116    5.00000000    5.00000000    60.0000000
 0000001117    5.00000000    5.00000000    60.0000000
 0000001118    5.00000000    5.00000000    60.0000000
 0000001119    5.00000000    5.00000000    60.0000000
 0000001120    5.00000000    5.00000000    60.0000000
 0000001121    5.00000000    5.00000000    60.0000000
 0000001122    5.00000000    5.00000000    60.0000000
 0000001123    5.00000000    5.00000000    60.0000000
 0000001124    5.00000000    5.00000000    60.0000000
 0000001125    5.00000000    5.00000000    60.0000000
 0000001126    5.00000000    5.00000000    60.0000000
 0000001127    5.00000000    5.00000000    60.0000000
 0000001128    5.00000000    5.00000000    60.0000000
 0000001129    5.00000000    5.00000000    60.0000000
 0000001130    5.00000000    5.00000000    60.0000000
 0000001131    5.00000000    5.00000000    60.0000000
 0000001132    5.00000000    5.00000000    60.0000000
 0000001133    5.00000000    5.00000000    60.0000000
 0000001134    5.00000000    5.00000000    60.0000000
 0000001135    5.00000000    5.00000000    60.0000000
 0000001136    5.00000000    5.00000000    60.0000000
 0000001137    5.00000000    5.00000000    60.0000000
 0000001138    5.00000000    5.00000000    60.0000000
 0000001139    5.00000000    5.00000000    60.0000000
 0000001140    5.00000000    5.00000000    60.0000000
 0000001141    5.00000000    5.00000000    60.0000000
 0000001142    5.00000000    5.00000000    60.0000000
 0000001143    5.00000000    5.00000000    60.0000000
 0000001144    5.00000000    5.00000000    60.0000000
 0000001145    5.00000000    5.00000000    60.0000000
 0000001146    5.00000000    5.00000000    60.0000000
 0000001147    5.00000000    5.00000000    60.0000000
 0000001148    5.00000000    5.00000000    60.0000000
 0000001149    5.00000000    5.00000000    60.0000000
 0000001150    5.00000000    5.00000000    60.0000000
 0000001151    5.00000000    5.00000000    60.0000000
 0000001152    5.00000000    5.00000000    60.0000000
 0000001153    5.00000000    5.00000000    60.0000000
 0000001154    5.00000000    5.00000000    60.0000000
 0000001155    5.00000000    5.00000000    60.0000000
 0000001156    5.00000000    5.00000000    60.0000000
 0000001157    5.00000000    5.00000000    60.0000000
 0000001158    5.00000000    5.00000000    60.0000000
 0000001159    5.00000000    5.00000000    60.0000000
 0000001160    5.00000000    5.00000000    60.0000000
 0000001161    5.00000000    5.00000000    60.0000000
 0000001162    5.00000000    5.00000000    60.0000000
 0000001163    5.00000000    5.00000000    60.0000000
 0000001164    5.00000000    5.00000000    60.0000000
 0000001165    5.00000000    5.00000000    60.0000000
 0000001166    5.00000000    5.00000000    60.0000000
 0000001167    5.00000000    5.00000000    60.0000000
 0000001168    5.00000000    5.00000000    60.0000000
 0000001169    5.00000000    5.00000000    60.0000000
 0000001170    5.00000000    5.00000000    60.0000000
 0000001171    5.00000000    5.00000000    60.0000000
 0000001172    5.00000000    5.00000000    60.0000000
 0000001173    5.00000000    5.00000000    60.0000000
 0000001174    5.00000000    5.00000000    60.0000000
 0000001175    5.00000000    5.00000000    60.0000000
 0000001176    5.00000000    5.00000000    60.0000000
 0000001177    5.00000000    5.00000000    60.0000000
 0000001178    5.00000000    5.00000000    60.0000000
 0000001179    5.00000000    5.00000000    60.0000000
 0000001180    5.00000000    5.00000000    60.0000000
 0000001181    5.00000000    5.00000000    60.0000000
 0000001182    5.00000000    5.00000000    60.0000000
 0000001183    5.00000000    5.00000000    60.0000000
 0000001184    5.00000000    5.00000000    60.0000000
 0000001185    5.00000000    5.00000000    60.0000000
 0000001186    5.00000000    5.00000000    60.0000000
 0000001187    5.00000000    5.00000000    60.0000000
 0000001188    5.00000000    5.00000000    60.0000000
 0000001189    5.00000000    5.00000000    60.0000000
 0000001190    5.00000000    5.00000000    60.0000000
 0000001191    5.00000000    5.00000000    60.0000000
 0000001192    5.00000000    5.00000000    60.0000000
 0000001193    5.00000000    5.00000000    60.0000000
 0000001194    5.00000000    5.00000000    60.0000000
 0000001195    5.00000000    5.00000000    60.0000000
 0000001196    5.00000000    5.00000000    60.0000000
 0000001197    5.00000000    5.00000000    60.0000000
 0000001198    5.00000000    5.00000000    60.0000000
 0000001199    5.00000000    5.00000000    60.0000000
 0000001200    5.00000000    5.00000000    60.0000000
 0000001201    5.00000000    5.00000000    60.0000000
 0000001202    5.00000000    5.00000000    60.0000000
 0000001203    5.00000000    5.00000000    60.0000000
 0000001204    5.00000000    5.00000000    60.0000000
 0000001205    5.00000000    5.00000000    60.0000000
 0000001206    5.00000000    5.00000000    60.0000000
 0000001207    5.00000000    5.00000000    60.0000000
 0000001208    5.00000000    5.00000000    60.0000000
 0000001209    5.00000000    5.00000000    60.0000000
 0000001210    5.00000000    5.00000000    60.0000000
 0000001211    5.00000000    5.00000000    60.0000000
 0000001212    5.00000000    5.00000000    60.0000000
 0000001213    5.00000000    5.00000000    60.0000000
 0000001214    5.00000000    5.00000000    60.0000000
 0000001215    5.00000000    5.00000000    60.0000000
 0000001216    5.00000000    5.00000000    60.0000000
 0000001217    5.00000000    5.00000000    60.0000000
 0000001218    5.00000000    5.00000000    60.0000000
 0000001219    5.00000000    5.00000000    60.0000000
 0000001220    5.00000000    5.00000000    60.0000000
 0000001221    5.00000000    5.00000000    60.0000000
 0000001222    5.00000000    5.00000000    60.0000000
 0000001223    5.00000000    5.00000000    60.0000000
 0000001224    5.00000000    5.00000000    60.0000000
 0000001225    5.00000000    5.00000000    60.0000000
 0000001226    5.00000000    5.00000000    60.0000000
 0000001227    5.00000000    5.00000000    60.0000000
 0000001228    5.00000000    5.00000000    60.0000000
 0000001229    5.00000000    5.00000000    60.0000000
 0000001230    5.00000000    5.00000000    60.0000000
 0000001231    5.00000000    5.00000000    60.0000000
 0000001232    5.00000000    5.00000000    60.0000000
 0000001233    5.00000000    5.00000000    60.0000000
 0000001234    5.00000000    5.00000000    60.0000000
 0000001235    5.00000000    5.00000000    60.0000000
 0000001236    5.00000000    5.00000000    60.0000000
 0000001237    5.00000000    5.00000000    60.0000000
 0000001238    5.00000000    5.00000000    60.0000000
 0000001239    5.00000000    5.00000000    60.0000000
 0000001240    5.00000000    5.00000000    60.0000000
 0000001241    5.00000000    5.00000000    60.0000000
 0000001242    5.00000000    5.00000000    60.0000000
 0000001243    5.00000000    5.00000000    60.0000000
 0000001244    5.00000000    5.00000000    60.0000000
 0000001245    5.00000000    5.00000000    60.0000000
 0000001246    5.00000000    5.00000000    60.0000000
 0000001247    5.00000000    5.00000000    60.0000000
 0000001248    5.00000000    5.00000000    60.0000000
 0000001249    5.00000000    5.00000000    60.0000000
 0000001250    5.00000000    5.00000000    60.0000000
 0000001251    5.00000000    5.00000000    60.0000000
 0000001252    5.00000000    5.00000000    60.0000000
 0000001253    5.00000000    5.00000000    60.0000000
 0000001254    5.00000000    5.00000000    60.0000000
 0000001255    5.00000000    5.00000000    60.0000000
 0000001256    5.00000000    5.00000000    60.0000000
 0000001257    5.00000000    5.00000000    60.0000000
 0000001258    5.00000000    5.00000000    60.0000000
 0000001259    5.00000000    5.00000000    60.0000000
 0000001260    5.00000000    5.00000000    60.0000000
 0000001261    5.00000000    5.00000000    60.0000000
 0000001262    5.00000000    5.00000000    60.0000000
 0000001263    5.00000000    5.00000000    60.0000000
 0000001264    5.00000000    5.00000000    60.0000000
 0000001265    5.00000000    5.00000000    60.0000000
 0000001266    5.00000000    5.00000000    60.0000000
 0000001267    5.00000000    5.00000000    60.0000000
 0000001268    5.00000000    5.00000000    60.0000000
 0000001269    5.00000000    5.00000000    60.0000000
 0000001270    5.00000000    5.00000000    60.0000000
 0000001271    5.00000000    5.00000000    60.0000000
 0000001272    5.00000000    5.00000000    60.0000000
 0000001273    5.00000000    5.00000000    60.0000000
 0000001274    5.00000000    5.00000000    60.0000000
 0000001275    5.00000000    5.00000000    60.0000000
 0000001276    5.00000000    5.00000000    60.0000000
 0000001277    5.00000000    5.00000000    60.0000000
 0000001278    5.00000000    5.00000000    60.0000000
 0000001279    5.00000000    5.00000000    60.0000000
 0000001280    5.00000000    5.00000000    60.0000000
 0000001281    5.00000000    5.00000000    60.0000000
 0000001282    5.00000000    5.00000000    60.0000000
 0000001283    5.00000000    5.00000000    60.0000000
 0000001284    5.00000000    5.00000000    60.0000000
 0000001285    5.00000000    5.00000000    60.0000000
 0000001286    5.00000000    5.00000000    60.0000000
 0000001287    5.00000000    5.00000000    60.0000000
 0000001288    5.00000000    5.00000000    60.0000000
 0000001289    5.00000000    5.00000000    60.0000000
 0000001290    5.00000000    5.00000000    60.0000000
 0000001291    5.00000000    5.00000000    60.0000000
 0000001292    5.00000000    5.00000000    60.0000000
 0000001293    5.00000000    5.00000000    60.0000000
 0000001294    5.00000000    5.00000000    60.0000000
 0000001295    5.00000000    5.00000000    60.0000000
 0000001296    5.00000000    5.00000000    60.0000000
 0000001297    5.00000000    5.00000000    60.0000000
 0000001298    5.00000000    5.00000000    60.0000000
 0000001299    5.00000000    5.00000000    60.0000000
 0000001300    5.00000000    5.00000000    60.0000000
 0000001301    5.00000000    5.00000000    60.0000000
 0000001302    5.00000000    5.00000000    60.0000000
 0000001303    5.00000000    5.00000000    60.0000000
 0000001304    5.00000000    5.00000000    60.0000000
 0000001305    5.00000000    5.00000000    60.0000000
 0000001306    5.00000000    5.00000000    60.0000000
 0000001307    5.00000000    5.00000000    60.0000000
 0000001308    5.00000000    5.00000000    60.0000000
 0000001309    5.00000000    5.00000000    60.0000000
 0000001310    5.00000000    5.00000000    60.0000000
 0000001311    5.00000000    5.00000000    60.0000000
 0000001312    5.00000000    5.00000000    60.0000000
 0000001313    5.00000000    5.00000000    60.0000000
 0000001314    5.00000000    5.00000000    60.0000000
 0000001315    5.00000000    5.00000000    60.0000000
 0000001316    5.00000000    5.00000000    60.0000000
 0000001317    5.00000000    5.00000000    60.0000000
 0000001318    5.00000000    5.00000000    60.0000000
 0000001319    5.00000000    5.00000000    60.0000000
 0000001320    5.00000000    5.00000000    60.0000000
 0000001321    5.00000000    5.00000000    60.0000000
 0000001322    5.00000000    5.00000000    60.0000000
 0000001323    5.00000000    5.00000000    60.0000000
 0000001324    5.00000000    5.00000000    60.0000000
 0000001325    5.00000000    5.00000000    60.0000000
 0000001326    5.00000000    5.00000000    60.0000000
 0000001327    5.00000000    5.00000000    60.0000000
 0000001328    5.00000000    5.00000000    60.0000000
 0000001329    5.00000000    5.00000000    60.0000000
 0000001330    5.00000000    5.00000000    60.0000000
 0000001331    5.00000000    5.00000000    60.0000000
