TITLE = "FEHM V3.2.0lin 13-12-17 QA:NA  12/17/2013  15:11:35 # tut1_INPUT.dat"
FILETYPE = "SOLUTION"
VARIABLES = "node" "Liquid Pressure (MPa)" "Vapor Pressure (MPa)" "Temperature (<sup>o</sup>C)"
ZONE T ="Simulation time   8.12500000    days", N =     1331, E =     1000, DATAPACKING = POINT, ZONETYPE = FEBRICK, STRANDID = 0, SOLUTIONTIME =   8.12500000
 0000000001    6.00000000    6.00000000    80.0000000
 0000000002    6.00000000    6.00000000    80.0000000
 0000000003    6.00000000    6.00000000    80.0000000
 0000000004    6.00000000    6.00000000    80.0000000
 0000000005    6.00000000    6.00000000    80.0000000
 0000000006    6.00000000    6.00000000    80.0000000
 0000000007    6.00000000    6.00000000    80.0000000
 0000000008    6.00000000    6.00000000    80.0000000
 0000000009    6.00000000    6.00000000    80.0000000
 0000000010    6.00000000    6.00000000    80.0000000
 0000000011    6.00000000    6.00000000    80.0000000
 0000000012    5.80287589    5.80287589    80.0000000
 0000000013    5.80287593    5.80287593    80.0000000
 0000000014    5.80287603    5.80287603    80.0000000
 0000000015    5.80287615    5.80287615    80.0000000
 0000000016    5.80287624    5.80287624    80.0000000
 0000000017    5.80287628    5.80287628    80.0000000
 0000000018    5.80287624    5.80287624    80.0000000
 0000000019    5.80287615    5.80287615    80.0000000
 0000000020    5.80287603    5.80287603    80.0000000
 0000000021    5.80287593    5.80287593    80.0000000
 0000000022    5.80287589    5.80287589    80.0000000
 0000000023    5.60496704    5.60496704    80.0000000
 0000000024    5.60496713    5.60496713    80.0000000
 0000000025    5.60496737    5.60496737    80.0000000
 0000000026    5.60496764    5.60496764    80.0000000
 0000000027    5.60496786    5.60496786    80.0000000
 0000000028    5.60496795    5.60496795    80.0000000
 0000000029    5.60496786    5.60496786    80.0000000
 0000000030    5.60496764    5.60496764    80.0000000
 0000000031    5.60496737    5.60496737    80.0000000
 0000000032    5.60496713    5.60496713    80.0000000
 0000000033    5.60496704    5.60496704    80.0000000
 0000000034    5.40648240    5.40648240    80.0000000
 0000000035    5.40648257    5.40648257    80.0000000
 0000000036    5.40648301    5.40648301    80.0000000
 0000000037    5.40648352    5.40648352    80.0000000
 0000000038    5.40648393    5.40648393    80.0000000
 0000000039    5.40648408    5.40648408    80.0000000
 0000000040    5.40648393    5.40648393    80.0000000
 0000000041    5.40648352    5.40648352    80.0000000
 0000000042    5.40648301    5.40648301    80.0000000
 0000000043    5.40648257    5.40648257    80.0000000
 0000000044    5.40648240    5.40648240    80.0000000
 0000000045    5.20747156    5.20747156    80.0000000
 0000000046    5.20747187    5.20747187    80.0000000
 0000000047    5.20747265    5.20747265    80.0000000
 0000000048    5.20747355    5.20747355    80.0000000
 0000000049    5.20747424    5.20747424    80.0000000
 0000000050    5.20747449    5.20747449    80.0000000
 0000000051    5.20747424    5.20747424    80.0000000
 0000000052    5.20747355    5.20747355    80.0000000
 0000000053    5.20747265    5.20747265    80.0000000
 0000000054    5.20747187    5.20747187    80.0000000
 0000000055    5.20747156    5.20747156    80.0000000
 0000000056    5.00793566    5.00793566    80.0000000
 0000000057    5.00793622    5.00793622    80.0000000
 0000000058    5.00793757    5.00793757    80.0000000
 0000000059    5.00793906    5.00793906    80.0000000
 0000000060    5.00794016    5.00794016    80.0000000
 0000000061    5.00794056    5.00794056    80.0000000
 0000000062    5.00794016    5.00794016    80.0000000
 0000000063    5.00793906    5.00793906    80.0000000
 0000000064    5.00793757    5.00793757    80.0000000
 0000000065    5.00793622    5.00793622    80.0000000
 0000000066    5.00793566    5.00793566    80.0000000
 0000000067    4.80784778    4.80784778    80.0000000
 0000000068    4.80784878    4.80784878    80.0000000
 0000000069    4.80785103    4.80785103    80.0000000
 0000000070    4.80785337    4.80785337    80.0000000
 0000000071    4.80785503    4.80785503    80.0000000
 0000000072    4.80785562    4.80785562    80.0000000
 0000000073    4.80785503    4.80785503    80.0000000
 0000000074    4.80785337    4.80785337    80.0000000
 0000000075    4.80785103    4.80785103    80.0000000
 0000000076    4.80784878    4.80784878    80.0000000
 0000000077    4.80784778    4.80784778    80.0000000
 0000000078    4.60714898    4.60714898    80.0000000
 0000000079    4.60715077    4.60715077    80.0000000
 0000000080    4.60715431    4.60715431    80.0000000
 0000000081    4.60715768    4.60715768    80.0000000
 0000000082    4.60715993    4.60715993    80.0000000
 0000000083    4.60716070    4.60716070    80.0000000
 0000000084    4.60715993    4.60715993    80.0000000
 0000000085    4.60715768    4.60715768    80.0000000
 0000000086    4.60715431    4.60715431    80.0000000
 0000000087    4.60715077    4.60715077    80.0000000
 0000000088    4.60714898    4.60714898    80.0000000
 0000000089    4.40573608    4.40573608    80.0000000
 0000000090    4.40573909    4.40573909    80.0000000
 0000000091    4.40574401    4.40574401    80.0000000
 0000000092    4.40574814    4.40574814    80.0000000
 0000000093    4.40575066    4.40575066    80.0000000
 0000000094    4.40575149    4.40575149    80.0000000
 0000000095    4.40575066    4.40575066    80.0000000
 0000000096    4.40574814    4.40574814    80.0000000
 0000000097    4.40574401    4.40574401    80.0000000
 0000000098    4.40573909    4.40573909    80.0000000
 0000000099    4.40573608    4.40573608    80.0000000
 0000000100    4.20344207    4.20344207    80.0000000
 0000000101    4.20344590    4.20344590    80.0000000
 0000000102    4.20345073    4.20345073    80.0000000
 0000000103    4.20345417    4.20345417    80.0000000
 0000000104    4.20345606    4.20345606    80.0000000
 0000000105    4.20345665    4.20345665    80.0000000
 0000000106    4.20345606    4.20345606    80.0000000
 0000000107    4.20345417    4.20345417    80.0000000
 0000000108    4.20345073    4.20345073    80.0000000
 0000000109    4.20344590    4.20344590    80.0000000
 0000000110    4.20344207    4.20344207    80.0000000
 0000000111    4.00000000    4.00000000    80.0000000
 0000000112    4.00000000    4.00000000    80.0000000
 0000000113    4.00000000    4.00000000    80.0000000
 0000000114    4.00000000    4.00000000    80.0000000
 0000000115    4.00000000    4.00000000    80.0000000
 0000000116    4.00000000    4.00000000    80.0000000
 0000000117    4.00000000    4.00000000    80.0000000
 0000000118    4.00000000    4.00000000    80.0000000
 0000000119    4.00000000    4.00000000    80.0000000
 0000000120    4.00000000    4.00000000    80.0000000
 0000000121    4.00000000    4.00000000    80.0000000
 0000000122    6.00000000    6.00000000    64.9610988
 0000000123    6.00000000    6.00000000    64.9610991
 0000000124    6.00000000    6.00000000    64.9610998
 0000000125    6.00000000    6.00000000    64.9611006
 0000000126    6.00000000    6.00000000    64.9611013
 0000000127    6.00000000    6.00000000    64.9611015
 0000000128    6.00000000    6.00000000    64.9611013
 0000000129    6.00000000    6.00000000    64.9611006
 0000000130    6.00000000    6.00000000    64.9610998
 0000000131    6.00000000    6.00000000    64.9610991
 0000000132    6.00000000    6.00000000    64.9610988
 0000000133    5.79799215    5.79799215    66.2020478
 0000000134    5.79799221    5.79799221    66.2020479
 0000000135    5.79799235    5.79799235    66.2020482
 0000000136    5.79799252    5.79799252    66.2020485
 0000000137    5.79799266    5.79799266    66.2020487
 0000000138    5.79799271    5.79799271    66.2020488
 0000000139    5.79799266    5.79799266    66.2020487
 0000000140    5.79799252    5.79799252    66.2020485
 0000000141    5.79799235    5.79799235    66.2020482
 0000000142    5.79799221    5.79799221    66.2020479
 0000000143    5.79799215    5.79799215    66.2020478
 0000000144    5.59882192    5.59882192    66.5620066
 0000000145    5.59882205    5.59882205    66.5620066
 0000000146    5.59882241    5.59882241    66.5620067
 0000000147    5.59882282    5.59882282    66.5620069
 0000000148    5.59882314    5.59882314    66.5620070
 0000000149    5.59882326    5.59882326    66.5620070
 0000000150    5.59882314    5.59882314    66.5620070
 0000000151    5.59882282    5.59882282    66.5620069
 0000000152    5.59882241    5.59882241    66.5620067
 0000000153    5.59882205    5.59882205    66.5620066
 0000000154    5.59882192    5.59882192    66.5620066
 0000000155    5.40003850    5.40003850    66.6612817
 0000000156    5.40003880    5.40003880    66.6612816
 0000000157    5.40003953    5.40003953    66.6612816
 0000000158    5.40004037    5.40004037    66.6612816
 0000000159    5.40004101    5.40004101    66.6612817
 0000000160    5.40004124    5.40004124    66.6612818
 0000000161    5.40004101    5.40004101    66.6612817
 0000000162    5.40004037    5.40004037    66.6612816
 0000000163    5.40003953    5.40003953    66.6612816
 0000000164    5.40003880    5.40003880    66.6612816
 0000000165    5.40003850    5.40003850    66.6612817
 0000000166    5.20101874    5.20101874    66.6876204
 0000000167    5.20101937    5.20101937    66.6876190
 0000000168    5.20102086    5.20102086    66.6876179
 0000000169    5.20102250    5.20102250    66.6876175
 0000000170    5.20102369    5.20102369    66.6876175
 0000000171    5.20102412    5.20102412    66.6876175
 0000000172    5.20102369    5.20102369    66.6876175
 0000000173    5.20102250    5.20102250    66.6876175
 0000000174    5.20102086    5.20102086    66.6876179
 0000000175    5.20101937    5.20101937    66.6876190
 0000000176    5.20101874    5.20101874    66.6876204
 0000000177    5.00163960    5.00163960    66.6940941
 0000000178    5.00164104    5.00164104    66.6940803
 0000000179    5.00164414    5.00164414    66.6940698
 0000000180    5.00164728    5.00164728    66.6940660
 0000000181    5.00164945    5.00164945    66.6940650
 0000000182    5.00165021    5.00165021    66.6940649
 0000000183    5.00164945    5.00164945    66.6940650
 0000000184    5.00164728    5.00164728    66.6940660
 0000000185    5.00164414    5.00164414    66.6940698
 0000000186    5.00164104    5.00164104    66.6940803
 0000000187    5.00163960    5.00163960    66.6940941
 0000000188    4.80189587    4.80189587    66.6953929
 0000000189    4.80189949    4.80189949    66.6952533
 0000000190    4.80190609    4.80190609    66.6951664
 0000000191    4.80191202    4.80191202    66.6951379
 0000000192    4.80191579    4.80191579    66.6951310
 0000000193    4.80191705    4.80191705    66.6951298
 0000000194    4.80191579    4.80191579    66.6951310
 0000000195    4.80191202    4.80191202    66.6951379
 0000000196    4.80190609    4.80190609    66.6951664
 0000000197    4.80189949    4.80189949    66.6952533
 0000000198    4.80189587    4.80189587    66.6953929
 0000000199    4.60179934    4.60179934    66.6980092
 0000000200    4.60180946    4.60180946    66.6965972
 0000000201    4.60182378    4.60182378    66.6959141
 0000000202    4.60183455    4.60183455    66.6957263
 0000000203    4.60184062    4.60184062    66.6956860
 0000000204    4.60184253    4.60184253    66.6956797
 0000000205    4.60184062    4.60184062    66.6956860
 0000000206    4.60183455    4.60183455    66.6957263
 0000000207    4.60182378    4.60182378    66.6959141
 0000000208    4.60180946    4.60180946    66.6965972
 0000000209    4.60179934    4.60179934    66.6980092
 0000000210    4.40135977    4.40135977    66.7236431
 0000000211    4.40139047    4.40139047    66.7093058
 0000000212    4.40142049    4.40142049    66.7042885
 0000000213    4.40143808    4.40143808    66.7031881
 0000000214    4.40144646    4.40144646    66.7029889
 0000000215    4.40144890    4.40144890    66.7029611
 0000000216    4.40144646    4.40144646    66.7029889
 0000000217    4.40143808    4.40143808    66.7031881
 0000000218    4.40142049    4.40142049    66.7042885
 0000000219    4.40139047    4.40139047    66.7093058
 0000000220    4.40135977    4.40135977    66.7236431
 0000000221    4.20061866    4.20061866    66.9294939
 0000000222    4.20070222    4.20070222    66.7842674
 0000000223    4.20075236    4.20075236    66.7516878
 0000000224    4.20077338    4.20077338    66.7463506
 0000000225    4.20078138    4.20078138    66.7455699
 0000000226    4.20078345    4.20078345    66.7454756
 0000000227    4.20078138    4.20078138    66.7455699
 0000000228    4.20077338    4.20077338    66.7463506
 0000000229    4.20075236    4.20075236    66.7516878
 0000000230    4.20070222    4.20070222    66.7842674
 0000000231    4.20061866    4.20061866    66.9294939
 0000000232    4.00000000    4.00000000    68.5097037
 0000000233    4.00000000    4.00000000    67.0572640
 0000000234    4.00000000    4.00000000    66.9023191
 0000000235    4.00000000    4.00000000    66.8854333
 0000000236    4.00000000    4.00000000    66.8835366
 0000000237    4.00000000    4.00000000    66.8833418
 0000000238    4.00000000    4.00000000    66.8835366
 0000000239    4.00000000    4.00000000    66.8854333
 0000000240    4.00000000    4.00000000    66.9023191
 0000000241    4.00000000    4.00000000    67.0572640
 0000000242    4.00000000    4.00000000    68.5097037
 0000000243    6.00000000    6.00000000    61.0767277
 0000000244    6.00000000    6.00000000    61.0767278
 0000000245    6.00000000    6.00000000    61.0767279
 0000000246    6.00000000    6.00000000    61.0767281
 0000000247    6.00000000    6.00000000    61.0767283
 0000000248    6.00000000    6.00000000    61.0767284
 0000000249    6.00000000    6.00000000    61.0767283
 0000000250    6.00000000    6.00000000    61.0767281
 0000000251    6.00000000    6.00000000    61.0767279
 0000000252    6.00000000    6.00000000    61.0767278
 0000000253    6.00000000    6.00000000    61.0767277
 0000000254    5.79812194    5.79812194    61.4846845
 0000000255    5.79812198    5.79812198    61.4846846
 0000000256    5.79812207    5.79812207    61.4846847
 0000000257    5.79812219    5.79812219    61.4846848
 0000000258    5.79812228    5.79812228    61.4846848
 0000000259    5.79812231    5.79812231    61.4846849
 0000000260    5.79812228    5.79812228    61.4846848
 0000000261    5.79812219    5.79812219    61.4846848
 0000000262    5.79812207    5.79812207    61.4846847
 0000000263    5.79812198    5.79812198    61.4846846
 0000000264    5.79812194    5.79812194    61.4846845
 0000000265    5.59751791    5.59751791    61.6448028
 0000000266    5.59751800    5.59751800    61.6448028
 0000000267    5.59751822    5.59751822    61.6448028
 0000000268    5.59751850    5.59751850    61.6448029
 0000000269    5.59751871    5.59751871    61.6448029
 0000000270    5.59751879    5.59751879    61.6448029
 0000000271    5.59751871    5.59751871    61.6448029
 0000000272    5.59751850    5.59751850    61.6448029
 0000000273    5.59751822    5.59751822    61.6448028
 0000000274    5.59751800    5.59751800    61.6448028
 0000000275    5.59751791    5.59751791    61.6448028
 0000000276    5.39745402    5.39745402    61.6986491
 0000000277    5.39745420    5.39745420    61.6986490
 0000000278    5.39745466    5.39745466    61.6986489
 0000000279    5.39745519    5.39745519    61.6986489
 0000000280    5.39745559    5.39745559    61.6986489
 0000000281    5.39745574    5.39745574    61.6986489
 0000000282    5.39745559    5.39745559    61.6986489
 0000000283    5.39745519    5.39745519    61.6986489
 0000000284    5.39745466    5.39745466    61.6986489
 0000000285    5.39745420    5.39745420    61.6986490
 0000000286    5.39745402    5.39745402    61.6986491
 0000000287    5.19760452    5.19760452    61.7147884
 0000000288    5.19760488    5.19760488    61.7147874
 0000000289    5.19760575    5.19760575    61.7147864
 0000000290    5.19760673    5.19760673    61.7147860
 0000000291    5.19760746    5.19760746    61.7147859
 0000000292    5.19760773    5.19760773    61.7147858
 0000000293    5.19760746    5.19760746    61.7147859
 0000000294    5.19760673    5.19760673    61.7147860
 0000000295    5.19760575    5.19760575    61.7147864
 0000000296    5.19760488    5.19760488    61.7147874
 0000000297    5.19760452    5.19760452    61.7147884
 0000000298    4.99784939    4.99784939    61.7188213
 0000000299    4.99785014    4.99785014    61.7188131
 0000000300    4.99785181    4.99785181    61.7188056
 0000000301    4.99785359    4.99785359    61.7188024
 0000000302    4.99785485    4.99785485    61.7188014
 0000000303    4.99785530    4.99785530    61.7188012
 0000000304    4.99785485    4.99785485    61.7188014
 0000000305    4.99785359    4.99785359    61.7188024
 0000000306    4.99785181    4.99785181    61.7188056
 0000000307    4.99785014    4.99785014    61.7188131
 0000000308    4.99784939    4.99784939    61.7188213
 0000000309    4.79814814    4.79814814    61.7194188
 0000000310    4.79814977    4.79814977    61.7193494
 0000000311    4.79815303    4.79815303    61.7192962
 0000000312    4.79815616    4.79815616    61.7192757
 0000000313    4.79815824    4.79815824    61.7192699
 0000000314    4.79815896    4.79815896    61.7192688
 0000000315    4.79815824    4.79815824    61.7192699
 0000000316    4.79815616    4.79815616    61.7192757
 0000000317    4.79815303    4.79815303    61.7192962
 0000000318    4.79814977    4.79814977    61.7193494
 0000000319    4.79814814    4.79814814    61.7194188
 0000000320    4.59848734    4.59848734    61.7211291
 0000000321    4.59849123    4.59849123    61.7205619
 0000000322    4.59849758    4.59849758    61.7202069
 0000000323    4.59850283    4.59850283    61.7200889
 0000000324    4.59850600    4.59850600    61.7200592
 0000000325    4.59850703    4.59850703    61.7200540
 0000000326    4.59850600    4.59850600    61.7200592
 0000000327    4.59850283    4.59850283    61.7200889
 0000000328    4.59849758    4.59849758    61.7202069
 0000000329    4.59849123    4.59849123    61.7205619
 0000000330    4.59848734    4.59848734    61.7211291
 0000000331    4.39886312    4.39886312    61.7376410
 0000000332    4.39887286    4.39887286    61.7332438
 0000000333    4.39888464    4.39888464    61.7310924
 0000000334    4.39889253    4.39889253    61.7304929
 0000000335    4.39889666    4.39889666    61.7303617
 0000000336    4.39889791    4.39889791    61.7303408
 0000000337    4.39889666    4.39889666    61.7303617
 0000000338    4.39889253    4.39889253    61.7304929
 0000000339    4.39888464    4.39888464    61.7310924
 0000000340    4.39887286    4.39887286    61.7332438
 0000000341    4.39886312    4.39886312    61.7376410
 0000000342    4.19929611    4.19929611    61.8476144
 0000000343    4.19931710    4.19931710    61.8169478
 0000000344    4.19933419    4.19933419    61.8058683
 0000000345    4.19934286    4.19934286    61.8033579
 0000000346    4.19934659    4.19934659    61.8028875
 0000000347    4.19934763    4.19934763    61.8028198
 0000000348    4.19934659    4.19934659    61.8028875
 0000000349    4.19934286    4.19934286    61.8033579
 0000000350    4.19933419    4.19933419    61.8058683
 0000000351    4.19931710    4.19931710    61.8169478
 0000000352    4.19929611    4.19929611    61.8476144
 0000000353    4.00000000    4.00000000    62.4778761
 0000000354    4.00000000    4.00000000    62.3119224
 0000000355    4.00000000    4.00000000    62.2709562
 0000000356    4.00000000    4.00000000    62.2635446
 0000000357    4.00000000    4.00000000    62.2623480
 0000000358    4.00000000    4.00000000    62.2621913
 0000000359    4.00000000    4.00000000    62.2623480
 0000000360    4.00000000    4.00000000    62.2635446
 0000000361    4.00000000    4.00000000    62.2709562
 0000000362    4.00000000    4.00000000    62.3119224
 0000000363    4.00000000    4.00000000    62.4778761
 0000000364    6.00000000    6.00000000    60.2134485
 0000000365    6.00000000    6.00000000    60.2134486
 0000000366    6.00000000    6.00000000    60.2134486
 0000000367    6.00000000    6.00000000    60.2134486
 0000000368    6.00000000    6.00000000    60.2134486
 0000000369    6.00000000    6.00000000    60.2134487
 0000000370    6.00000000    6.00000000    60.2134486
 0000000371    6.00000000    6.00000000    60.2134486
 0000000372    6.00000000    6.00000000    60.2134486
 0000000373    6.00000000    6.00000000    60.2134486
 0000000374    6.00000000    6.00000000    60.2134485
 0000000375    5.79684580    5.79684580    60.3156895
 0000000376    5.79684582    5.79684582    60.3156895
 0000000377    5.79684587    5.79684587    60.3156895
 0000000378    5.79684593    5.79684593    60.3156896
 0000000379    5.79684598    5.79684598    60.3156896
 0000000380    5.79684600    5.79684600    60.3156896
 0000000381    5.79684598    5.79684598    60.3156896
 0000000382    5.79684593    5.79684593    60.3156896
 0000000383    5.79684587    5.79684587    60.3156895
 0000000384    5.79684582    5.79684582    60.3156895
 0000000385    5.79684580    5.79684580    60.3156895
 0000000386    5.59481883    5.59481883    60.3638434
 0000000387    5.59481888    5.59481888    60.3638434
 0000000388    5.59481899    5.59481899    60.3638434
 0000000389    5.59481913    5.59481913    60.3638434
 0000000390    5.59481924    5.59481924    60.3638434
 0000000391    5.59481928    5.59481928    60.3638434
 0000000392    5.59481924    5.59481924    60.3638434
 0000000393    5.59481913    5.59481913    60.3638434
 0000000394    5.59481899    5.59481899    60.3638434
 0000000395    5.59481888    5.59481888    60.3638434
 0000000396    5.59481884    5.59481884    60.3638434
 0000000397    5.39361229    5.39361229    60.3821665
 0000000398    5.39361237    5.39361237    60.3821665
 0000000399    5.39361259    5.39361259    60.3821664
 0000000400    5.39361284    5.39361284    60.3821664
 0000000401    5.39361304    5.39361304    60.3821663
 0000000402    5.39361312    5.39361312    60.3821663
 0000000403    5.39361304    5.39361304    60.3821663
 0000000404    5.39361284    5.39361284    60.3821664
 0000000405    5.39361259    5.39361259    60.3821664
 0000000406    5.39361237    5.39361237    60.3821665
 0000000407    5.39361229    5.39361229    60.3821665
 0000000408    5.19302018    5.19302018    60.3878695
 0000000409    5.19302034    5.19302034    60.3878691
 0000000410    5.19302072    5.19302072    60.3878687
 0000000411    5.19302116    5.19302116    60.3878684
 0000000412    5.19302150    5.19302150    60.3878683
 0000000413    5.19302162    5.19302162    60.3878683
 0000000414    5.19302150    5.19302150    60.3878683
 0000000415    5.19302116    5.19302116    60.3878684
 0000000416    5.19302072    5.19302072    60.3878687
 0000000417    5.19302034    5.19302034    60.3878691
 0000000418    5.19302018    5.19302018    60.3878695
 0000000419    4.99292801    4.99292801    60.3889683
 0000000420    4.99292829    4.99292829    60.3889654
 0000000421    4.99292895    4.99292895    60.3889623
 0000000422    4.99292969    4.99292969    60.3889607
 0000000423    4.99293024    4.99293024    60.3889601
 0000000424    4.99293043    4.99293043    60.3889600
 0000000425    4.99293024    4.99293024    60.3889601
 0000000426    4.99292969    4.99292969    60.3889607
 0000000427    4.99292895    4.99292895    60.3889623
 0000000428    4.99292829    4.99292829    60.3889654
 0000000429    4.99292801    4.99292801    60.3889683
 0000000430    4.79328554    4.79328554    60.3886634
 0000000431    4.79328608    4.79328608    60.3886423
 0000000432    4.79328724    4.79328724    60.3886228
 0000000433    4.79328843    4.79328843    60.3886141
 0000000434    4.79328926    4.79328926    60.3886113
 0000000435    4.79328955    4.79328955    60.3886107
 0000000436    4.79328926    4.79328926    60.3886113
 0000000437    4.79328843    4.79328843    60.3886141
 0000000438    4.79328724    4.79328724    60.3886228
 0000000439    4.79328608    4.79328608    60.3886423
 0000000440    4.79328554    4.79328554    60.3886634
 0000000441    4.59409141    4.59409141    60.3888346
 0000000442    4.59409248    4.59409248    60.3886898
 0000000443    4.59409447    4.59409447    60.3885773
 0000000444    4.59409628    4.59409628    60.3885331
 0000000445    4.59409745    4.59409745    60.3885204
 0000000446    4.59409785    4.59409785    60.3885179
 0000000447    4.59409745    4.59409745    60.3885204
 0000000448    4.59409628    4.59409628    60.3885331
 0000000449    4.59409447    4.59409447    60.3885773
 0000000450    4.59409248    4.59409248    60.3886898
 0000000451    4.59409141    4.59409141    60.3888346
 0000000452    4.39538990    4.39538990    60.3944998
 0000000453    4.39539210    4.39539210    60.3935916
 0000000454    4.39539531    4.39539531    60.3930112
 0000000455    4.39539777    4.39539777    60.3928140
 0000000456    4.39539919    4.39539919    60.3927632
 0000000457    4.39539964    4.39539964    60.3927541
 0000000458    4.39539919    4.39539919    60.3927632
 0000000459    4.39539777    4.39539777    60.3928140
 0000000460    4.39539531    4.39539531    60.3930112
 0000000461    4.39539210    4.39539210    60.3935916
 0000000462    4.39538990    4.39538990    60.3944998
 0000000463    4.19728417    4.19728417    60.4299017
 0000000464    4.19728798    4.19728798    60.4250192
 0000000465    4.19729201    4.19729201    60.4225292
 0000000466    4.19729445    4.19729445    60.4218063
 0000000467    4.19729564    4.19729564    60.4216412
 0000000468    4.19729599    4.19729599    60.4216139
 0000000469    4.19729564    4.19729564    60.4216412
 0000000470    4.19729445    4.19729445    60.4218063
 0000000471    4.19729201    4.19729201    60.4225292
 0000000472    4.19728798    4.19728798    60.4250192
 0000000473    4.19728417    4.19728417    60.4299017
 0000000474    4.00000000    4.00000000    60.6031026
 0000000475    4.00000000    4.00000000    60.5841055
 0000000476    4.00000000    4.00000000    60.5764924
 0000000477    4.00000000    4.00000000    60.5745861
 0000000478    4.00000000    4.00000000    60.5741927
 0000000479    4.00000000    4.00000000    60.5741317
 0000000480    4.00000000    4.00000000    60.5741927
 0000000481    4.00000000    4.00000000    60.5745861
 0000000482    4.00000000    4.00000000    60.5764924
 0000000483    4.00000000    4.00000000    60.5841055
 0000000484    4.00000000    4.00000000    60.6031026
 0000000485    6.00000000    6.00000000    60.0517773
 0000000486    6.00000000    6.00000000    60.0517773
 0000000487    6.00000000    6.00000000    60.0517773
 0000000488    6.00000000    6.00000000    60.0517773
 0000000489    6.00000000    6.00000000    60.0517773
 0000000490    6.00000000    6.00000000    60.0517773
 0000000491    6.00000000    6.00000000    60.0517773
 0000000492    6.00000000    6.00000000    60.0517773
 0000000493    6.00000000    6.00000000    60.0517773
 0000000494    6.00000000    6.00000000    60.0517773
 0000000495    6.00000000    6.00000000    60.0517773
 0000000496    5.48044870    5.48044870    60.0660894
 0000000497    5.48044870    5.48044870    60.0660894
 0000000498    5.48044871    5.48044871    60.0660894
 0000000499    5.48044873    5.48044873    60.0660894
 0000000500    5.48044874    5.48044874    60.0660894
 0000000501    5.48044874    5.48044874    60.0660894
 0000000502    5.48044874    5.48044874    60.0660894
 0000000503    5.48044873    5.48044873    60.0660894
 0000000504    5.48044871    5.48044871    60.0660894
 0000000505    5.48044870    5.48044870    60.0660894
 0000000506    5.48044870    5.48044870    60.0660894
 0000000507    5.30497368    5.30497368    60.0745895
 0000000508    5.30497368    5.30497368    60.0745894
 0000000509    5.30497370    5.30497370    60.0745894
 0000000510    5.30497373    5.30497373    60.0745894
 0000000511    5.30497375    5.30497375    60.0745894
 0000000512    5.30497376    5.30497376    60.0745894
 0000000513    5.30497375    5.30497375    60.0745894
 0000000514    5.30497373    5.30497373    60.0745894
 0000000515    5.30497370    5.30497370    60.0745894
 0000000516    5.30497368    5.30497368    60.0745894
 0000000517    5.30497368    5.30497368    60.0745895
 0000000518    5.21301125    5.21301125    60.0777154
 0000000519    5.21301124    5.21301124    60.0777154
 0000000520    5.21301125    5.21301125    60.0777154
 0000000521    5.21301127    5.21301127    60.0777153
 0000000522    5.21301130    5.21301130    60.0777153
 0000000523    5.21301132    5.21301132    60.0777153
 0000000524    5.21301130    5.21301130    60.0777153
 0000000525    5.21301127    5.21301127    60.0777153
 0000000526    5.21301125    5.21301125    60.0777154
 0000000527    5.21301124    5.21301124    60.0777154
 0000000528    5.21301125    5.21301125    60.0777154
 0000000529    5.13277656    5.13277656    60.0782265
 0000000530    5.13277643    5.13277643    60.0782263
 0000000531    5.13277627    5.13277627    60.0782261
 0000000532    5.13277621    5.13277621    60.0782260
 0000000533    5.13277622    5.13277622    60.0782260
 0000000534    5.13277623    5.13277623    60.0782259
 0000000535    5.13277622    5.13277622    60.0782260
 0000000536    5.13277621    5.13277621    60.0782260
 0000000537    5.13277627    5.13277627    60.0782261
 0000000538    5.13277643    5.13277643    60.0782263
 0000000539    5.13277656    5.13277656    60.0782265
 0000000540    5.05368340    5.05368340    60.0777305
 0000000541    5.05368248    5.05368248    60.0777295
 0000000542    5.05368132    5.05368132    60.0777284
 0000000543    5.05368070    5.05368070    60.0777277
 0000000544    5.05368050    5.05368050    60.0777274
 0000000545    5.05368047    5.05368047    60.0777274
 0000000546    5.05368050    5.05368050    60.0777274
 0000000547    5.05368070    5.05368070    60.0777277
 0000000548    5.05368132    5.05368132    60.0777284
 0000000549    5.05368248    5.05368248    60.0777295
 0000000550    5.05368340    5.05368340    60.0777305
 0000000551    4.97463411    4.97463411    60.0769606
 0000000552    4.97462868    4.97462868    60.0769547
 0000000553    4.97462233    4.97462233    60.0769483
 0000000554    4.97461900    4.97461900    60.0769450
 0000000555    4.97461781    4.97461781    60.0769438
 0000000556    4.97461755    4.97461755    60.0769436
 0000000557    4.97461781    4.97461781    60.0769438
 0000000558    4.97461900    4.97461900    60.0769450
 0000000559    4.97462233    4.97462233    60.0769483
 0000000560    4.97462868    4.97462868    60.0769547
 0000000561    4.97463411    4.97463411    60.0769606
 0000000562    4.89427623    4.89427623    60.0764045
 0000000563    4.89424784    4.89424784    60.0763709
 0000000564    4.89421810    4.89421810    60.0763390
 0000000565    4.89420358    4.89420358    60.0763244
 0000000566    4.89419860    4.89419860    60.0763195
 0000000567    4.89419753    4.89419753    60.0763185
 0000000568    4.89419860    4.89419860    60.0763195
 0000000569    4.89420358    4.89420358    60.0763244
 0000000570    4.89421810    4.89421810    60.0763390
 0000000571    4.89424784    4.89424784    60.0763709
 0000000572    4.89427623    4.89427623    60.0764045
 0000000573    4.80119308    4.80119308    60.0772418
 0000000574    4.80106698    4.80106698    60.0770688
 0000000575    4.80095092    4.80095092    60.0769293
 0000000576    4.80089942    4.80089942    60.0768727
 0000000577    4.80088299    4.80088299    60.0768558
 0000000578    4.80087959    4.80087959    60.0768524
 0000000579    4.80088299    4.80088299    60.0768558
 0000000580    4.80089942    4.80089942    60.0768727
 0000000581    4.80095092    4.80095092    60.0769293
 0000000582    4.80106698    4.80106698    60.0770688
 0000000583    4.80119308    4.80119308    60.0772418
 0000000584    4.61743568    4.61743568    60.0837130
 0000000585    4.61703497    4.61703497    60.0829784
 0000000586    4.61671537    4.61671537    60.0824843
 0000000587    4.61658765    4.61658765    60.0823084
 0000000588    4.61655012    4.61655012    60.0822610
 0000000589    4.61654276    4.61654276    60.0822522
 0000000590    4.61655012    4.61655012    60.0822610
 0000000591    4.61658765    4.61658765    60.0823084
 0000000592    4.61671537    4.61671537    60.0824843
 0000000593    4.61703497    4.61703497    60.0829784
 0000000594    4.61743568    4.61743568    60.0837130
 0000000595    4.00000000    4.00000000    60.1044528
 0000000596    4.00000000    4.00000000    60.1023545
 0000000597    4.00000000    4.00000000    60.1011874
 0000000598    4.00000000    4.00000000    60.1008206
 0000000599    4.00000000    4.00000000    60.1007304
 0000000600    4.00000000    4.00000000    60.1007146
 0000000601    4.00000000    4.00000000    60.1007304
 0000000602    4.00000000    4.00000000    60.1008206
 0000000603    4.00000000    4.00000000    60.1011874
 0000000604    4.00000000    4.00000000    60.1023545
 0000000605    4.00000000    4.00000000    60.1044528
 0000000606    6.00000000    6.00000000    60.0113634
 0000000607    6.00000000    6.00000000    60.0113634
 0000000608    6.00000000    6.00000000    60.0113634
 0000000609    6.00000000    6.00000000    60.0113634
 0000000610    6.00000000    6.00000000    60.0113634
 0000000611    6.00000000    6.00000000    60.0113634
 0000000612    6.00000000    6.00000000    60.0113634
 0000000613    6.00000000    6.00000000    60.0113634
 0000000614    6.00000000    6.00000000    60.0113634
 0000000615    6.00000000    6.00000000    60.0113634
 0000000616    6.00000000    6.00000000    60.0113634
 0000000617    5.30203655    5.30203655    60.0124274
 0000000618    5.30203655    5.30203655    60.0124274
 0000000619    5.30203655    5.30203655    60.0124274
 0000000620    5.30203655    5.30203655    60.0124274
 0000000621    5.30203656    5.30203656    60.0124274
 0000000622    5.30203656    5.30203656    60.0124274
 0000000623    5.30203656    5.30203656    60.0124274
 0000000624    5.30203655    5.30203655    60.0124274
 0000000625    5.30203655    5.30203655    60.0124274
 0000000626    5.30203655    5.30203655    60.0124274
 0000000627    5.30203655    5.30203655    60.0124274
 0000000628    5.11974123    5.11974123    60.0119254
 0000000629    5.11974123    5.11974123    60.0119254
 0000000630    5.11974123    5.11974123    60.0119254
 0000000631    5.11974123    5.11974123    60.0119254
 0000000632    5.11974123    5.11974123    60.0119254
 0000000633    5.11974123    5.11974123    60.0119254
 0000000634    5.11974123    5.11974123    60.0119254
 0000000635    5.11974123    5.11974123    60.0119254
 0000000636    5.11974123    5.11974123    60.0119254
 0000000637    5.11974123    5.11974123    60.0119254
 0000000638    5.11974123    5.11974123    60.0119254
 0000000639    5.06807839    5.06807839    60.0104782
 0000000640    5.06807838    5.06807838    60.0104782
 0000000641    5.06807836    5.06807836    60.0104782
 0000000642    5.06807835    5.06807835    60.0104782
 0000000643    5.06807835    5.06807835    60.0104782
 0000000644    5.06807834    5.06807834    60.0104782
 0000000645    5.06807835    5.06807835    60.0104782
 0000000646    5.06807835    5.06807835    60.0104782
 0000000647    5.06807836    5.06807836    60.0104782
 0000000648    5.06807838    5.06807838    60.0104782
 0000000649    5.06807839    5.06807839    60.0104782
 0000000650    5.03712064    5.03712064    60.0085330
 0000000651    5.03712057    5.03712057    60.0085330
 0000000652    5.03712046    5.03712046    60.0085329
 0000000653    5.03712039    5.03712039    60.0085328
 0000000654    5.03712036    5.03712036    60.0085328
 0000000655    5.03712035    5.03712035    60.0085328
 0000000656    5.03712036    5.03712036    60.0085328
 0000000657    5.03712039    5.03712039    60.0085328
 0000000658    5.03712046    5.03712046    60.0085329
 0000000659    5.03712057    5.03712057    60.0085330
 0000000660    5.03712064    5.03712064    60.0085330
 0000000661    5.00882797    5.00882797    60.0064960
 0000000662    5.00882757    5.00882757    60.0064958
 0000000663    5.00882700    5.00882700    60.0064954
 0000000664    5.00882664    5.00882664    60.0064952
 0000000665    5.00882648    5.00882648    60.0064951
 0000000666    5.00882645    5.00882645    60.0064951
 0000000667    5.00882648    5.00882648    60.0064951
 0000000668    5.00882664    5.00882664    60.0064952
 0000000669    5.00882700    5.00882700    60.0064954
 0000000670    5.00882757    5.00882757    60.0064958
 0000000671    5.00882797    5.00882797    60.0064960
 0000000672    4.98073843    4.98073843    60.0046132
 0000000673    4.98073640    4.98073640    60.0046119
 0000000674    4.98073370    4.98073370    60.0046102
 0000000675    4.98073211    4.98073211    60.0046092
 0000000676    4.98073146    4.98073146    60.0046088
 0000000677    4.98073130    4.98073130    60.0046087
 0000000678    4.98073146    4.98073146    60.0046088
 0000000679    4.98073211    4.98073211    60.0046092
 0000000680    4.98073370    4.98073370    60.0046102
 0000000681    4.98073640    4.98073640    60.0046119
 0000000682    4.98073843    4.98073843    60.0046132
 0000000683    4.95021801    4.95021801    60.0029956
 0000000684    4.95020871    4.95020871    60.0029889
 0000000685    4.95019758    4.95019758    60.0029813
 0000000686    4.95019150    4.95019150    60.0029774
 0000000687    4.95018918    4.95018918    60.0029760
 0000000688    4.95018863    4.95018863    60.0029757
 0000000689    4.95018918    4.95018918    60.0029760
 0000000690    4.95019150    4.95019150    60.0029774
 0000000691    4.95019758    4.95019758    60.0029813
 0000000692    4.95020871    4.95020871    60.0029889
 0000000693    4.95021801    4.95021801    60.0029956
 0000000694    4.89876912    4.89876912    60.0017441
 0000000695    4.89873348    4.89873348    60.0017147
 0000000696    4.89869534    4.89869534    60.0016861
 0000000697    4.89867626    4.89867626    60.0016727
 0000000698    4.89866948    4.89866948    60.0016682
 0000000699    4.89866797    4.89866797    60.0016672
 0000000700    4.89866948    4.89866948    60.0016682
 0000000701    4.89867626    4.89867626    60.0016727
 0000000702    4.89869534    4.89869534    60.0016861
 0000000703    4.89873348    4.89873348    60.0017147
 0000000704    4.89876912    4.89876912    60.0017441
 0000000705    4.71512430    4.71512430    60.0013180
 0000000706    4.71502949    4.71502949    60.0012151
 0000000707    4.71493959    4.71493959    60.0011286
 0000000708    4.71489851    4.71489851    60.0010923
 0000000709    4.71488497    4.71488497    60.0010810
 0000000710    4.71488209    4.71488209    60.0010787
 0000000711    4.71488497    4.71488497    60.0010810
 0000000712    4.71489851    4.71489851    60.0010923
 0000000713    4.71493959    4.71493959    60.0011286
 0000000714    4.71502949    4.71502949    60.0012151
 0000000715    4.71512430    4.71512430    60.0013180
 0000000716    4.00000000    4.00000000    60.0032889
 0000000717    4.00000000    4.00000000    60.0030530
 0000000718    4.00000000    4.00000000    60.0028824
 0000000719    4.00000000    4.00000000    60.0028175
 0000000720    4.00000000    4.00000000    60.0027989
 0000000721    4.00000000    4.00000000    60.0027952
 0000000722    4.00000000    4.00000000    60.0027989
 0000000723    4.00000000    4.00000000    60.0028175
 0000000724    4.00000000    4.00000000    60.0028824
 0000000725    4.00000000    4.00000000    60.0030530
 0000000726    4.00000000    4.00000000    60.0032889
 0000000727    6.00000000    6.00000000    59.9968526
 0000000728    6.00000000    6.00000000    59.9968526
 0000000729    6.00000000    6.00000000    59.9968526
 0000000730    6.00000000    6.00000000    59.9968526
 0000000731    6.00000000    6.00000000    59.9968526
 0000000732    6.00000000    6.00000000    59.9968526
 0000000733    6.00000000    6.00000000    59.9968526
 0000000734    6.00000000    6.00000000    59.9968526
 0000000735    6.00000000    6.00000000    59.9968526
 0000000736    6.00000000    6.00000000    59.9968526
 0000000737    6.00000000    6.00000000    59.9968526
 0000000738    5.43790675    5.43790675    59.9942004
 0000000739    5.43790675    5.43790675    59.9942004
 0000000740    5.43790675    5.43790675    59.9942004
 0000000741    5.43790675    5.43790675    59.9942004
 0000000742    5.43790675    5.43790675    59.9942004
 0000000743    5.43790675    5.43790675    59.9942004
 0000000744    5.43790675    5.43790675    59.9942004
 0000000745    5.43790675    5.43790675    59.9942004
 0000000746    5.43790675    5.43790675    59.9942004
 0000000747    5.43790675    5.43790675    59.9942004
 0000000748    5.43790675    5.43790675    59.9942004
 0000000749    5.24861585    5.24861585    59.9863961
 0000000750    5.24861585    5.24861585    59.9863961
 0000000751    5.24861585    5.24861585    59.9863961
 0000000752    5.24861585    5.24861585    59.9863961
 0000000753    5.24861585    5.24861585    59.9863961
 0000000754    5.24861585    5.24861585    59.9863961
 0000000755    5.24861585    5.24861585    59.9863961
 0000000756    5.24861585    5.24861585    59.9863961
 0000000757    5.24861585    5.24861585    59.9863961
 0000000758    5.24861585    5.24861585    59.9863961
 0000000759    5.24861585    5.24861585    59.9863961
 0000000760    5.14724131    5.14724131    59.9760406
 0000000761    5.14724131    5.14724131    59.9760406
 0000000762    5.14724130    5.14724130    59.9760406
 0000000763    5.14724130    5.14724130    59.9760406
 0000000764    5.14724130    5.14724130    59.9760406
 0000000765    5.14724130    5.14724130    59.9760406
 0000000766    5.14724130    5.14724130    59.9760406
 0000000767    5.14724130    5.14724130    59.9760406
 0000000768    5.14724130    5.14724130    59.9760406
 0000000769    5.14724131    5.14724131    59.9760406
 0000000770    5.14724131    5.14724131    59.9760406
 0000000771    5.05899762    5.05899762    59.9650447
 0000000772    5.05899760    5.05899760    59.9650447
 0000000773    5.05899757    5.05899757    59.9650447
 0000000774    5.05899755    5.05899755    59.9650447
 0000000775    5.05899754    5.05899754    59.9650447
 0000000776    5.05899753    5.05899753    59.9650447
 0000000777    5.05899754    5.05899754    59.9650447
 0000000778    5.05899755    5.05899755    59.9650447
 0000000779    5.05899757    5.05899757    59.9650447
 0000000780    5.05899760    5.05899760    59.9650447
 0000000781    5.05899762    5.05899762    59.9650447
 0000000782    4.97275297    4.97275297    59.9547316
 0000000783    4.97275287    4.97275287    59.9547316
 0000000784    4.97275272    4.97275272    59.9547315
 0000000785    4.97275262    4.97275262    59.9547314
 0000000786    4.97275257    4.97275257    59.9547314
 0000000787    4.97275256    4.97275256    59.9547314
 0000000788    4.97275257    4.97275257    59.9547314
 0000000789    4.97275262    4.97275262    59.9547314
 0000000790    4.97275272    4.97275272    59.9547315
 0000000791    4.97275287    4.97275287    59.9547316
 0000000792    4.97275297    4.97275297    59.9547316
 0000000793    4.88726952    4.88726952    59.9457770
 0000000794    4.88726907    4.88726907    59.9457767
 0000000795    4.88726842    4.88726842    59.9457763
 0000000796    4.88726801    4.88726801    59.9457761
 0000000797    4.88726783    4.88726783    59.9457759
 0000000798    4.88726779    4.88726779    59.9457759
 0000000799    4.88726783    4.88726783    59.9457759
 0000000800    4.88726801    4.88726801    59.9457761
 0000000801    4.88726842    4.88726842    59.9457763
 0000000802    4.88726907    4.88726907    59.9457767
 0000000803    4.88726952    4.88726952    59.9457770
 0000000804    4.80101898    4.80101898    59.9383548
 0000000805    4.80101713    4.80101713    59.9383536
 0000000806    4.80101469    4.80101469    59.9383521
 0000000807    4.80101325    4.80101325    59.9383512
 0000000808    4.80101265    4.80101265    59.9383508
 0000000809    4.80101251    4.80101251    59.9383507
 0000000810    4.80101265    4.80101265    59.9383508
 0000000811    4.80101325    4.80101325    59.9383512
 0000000812    4.80101469    4.80101469    59.9383521
 0000000813    4.80101713    4.80101713    59.9383536
 0000000814    4.80101898    4.80101898    59.9383548
 0000000815    4.70230772    4.70230772    59.9324202
 0000000816    4.70230139    4.70230139    59.9324156
 0000000817    4.70229378    4.70229378    59.9324104
 0000000818    4.70228961    4.70228961    59.9324076
 0000000819    4.70228800    4.70228800    59.9324066
 0000000820    4.70228762    4.70228762    59.9324063
 0000000821    4.70228800    4.70228800    59.9324066
 0000000822    4.70228961    4.70228961    59.9324076
 0000000823    4.70229378    4.70229378    59.9324104
 0000000824    4.70230139    4.70230139    59.9324156
 0000000825    4.70230772    4.70230772    59.9324202
 0000000826    4.51882398    4.51882398    59.9285159
 0000000827    4.51880910    4.51880910    59.9285020
 0000000828    4.51879293    4.51879293    59.9284881
 0000000829    4.51878471    4.51878471    59.9284813
 0000000830    4.51878174    4.51878174    59.9284790
 0000000831    4.51878107    4.51878107    59.9284785
 0000000832    4.51878174    4.51878174    59.9284790
 0000000833    4.51878471    4.51878471    59.9284813
 0000000834    4.51879293    4.51879293    59.9284881
 0000000835    4.51880910    4.51880910    59.9285020
 0000000836    4.51882398    4.51882398    59.9285159
 0000000837    4.00000000    4.00000000    59.9303032
 0000000838    4.00000000    4.00000000    59.9302763
 0000000839    4.00000000    4.00000000    59.9302521
 0000000840    4.00000000    4.00000000    59.9302413
 0000000841    4.00000000    4.00000000    59.9302378
 0000000842    4.00000000    4.00000000    59.9302370
 0000000843    4.00000000    4.00000000    59.9302378
 0000000844    4.00000000    4.00000000    59.9302413
 0000000845    4.00000000    4.00000000    59.9302521
 0000000846    4.00000000    4.00000000    59.9302763
 0000000847    4.00000000    4.00000000    59.9303032
 0000000848    6.00000000    6.00000000    59.9877897
 0000000849    6.00000000    6.00000000    59.9877897
 0000000850    6.00000000    6.00000000    59.9877897
 0000000851    6.00000000    6.00000000    59.9877897
 0000000852    6.00000000    6.00000000    59.9877897
 0000000853    6.00000000    6.00000000    59.9877897
 0000000854    6.00000000    6.00000000    59.9877897
 0000000855    6.00000000    6.00000000    59.9877897
 0000000856    6.00000000    6.00000000    59.9877897
 0000000857    6.00000000    6.00000000    59.9877897
 0000000858    6.00000000    6.00000000    59.9877897
 0000000859    5.80475042    5.80475042    59.9665277
 0000000860    5.80475042    5.80475042    59.9665277
 0000000861    5.80475042    5.80475042    59.9665277
 0000000862    5.80475042    5.80475042    59.9665277
 0000000863    5.80475042    5.80475042    59.9665277
 0000000864    5.80475042    5.80475042    59.9665277
 0000000865    5.80475042    5.80475042    59.9665277
 0000000866    5.80475042    5.80475042    59.9665277
 0000000867    5.80475042    5.80475042    59.9665277
 0000000868    5.80475042    5.80475042    59.9665277
 0000000869    5.80475042    5.80475042    59.9665277
 0000000870    5.60842350    5.60842350    59.9207651
 0000000871    5.60842350    5.60842350    59.9207651
 0000000872    5.60842350    5.60842350    59.9207651
 0000000873    5.60842350    5.60842350    59.9207651
 0000000874    5.60842350    5.60842350    59.9207651
 0000000875    5.60842350    5.60842350    59.9207651
 0000000876    5.60842350    5.60842350    59.9207651
 0000000877    5.60842350    5.60842350    59.9207651
 0000000878    5.60842350    5.60842350    59.9207651
 0000000879    5.60842350    5.60842350    59.9207651
 0000000880    5.60842350    5.60842350    59.9207651
 0000000881    5.41093957    5.41093957    59.8632682
 0000000882    5.41093957    5.41093957    59.8632682
 0000000883    5.41093957    5.41093957    59.8632682
 0000000884    5.41093957    5.41093957    59.8632682
 0000000885    5.41093957    5.41093957    59.8632682
 0000000886    5.41093957    5.41093957    59.8632682
 0000000887    5.41093957    5.41093957    59.8632682
 0000000888    5.41093957    5.41093957    59.8632682
 0000000889    5.41093957    5.41093957    59.8632682
 0000000890    5.41093957    5.41093957    59.8632682
 0000000891    5.41093957    5.41093957    59.8632682
 0000000892    5.21230099    5.21230099    59.8042183
 0000000893    5.21230099    5.21230099    59.8042183
 0000000894    5.21230099    5.21230099    59.8042183
 0000000895    5.21230099    5.21230099    59.8042182
 0000000896    5.21230099    5.21230099    59.8042182
 0000000897    5.21230099    5.21230099    59.8042182
 0000000898    5.21230099    5.21230099    59.8042182
 0000000899    5.21230099    5.21230099    59.8042182
 0000000900    5.21230099    5.21230099    59.8042183
 0000000901    5.21230099    5.21230099    59.8042183
 0000000902    5.21230099    5.21230099    59.8042183
 0000000903    5.01256834    5.01256834    59.7500323
 0000000904    5.01256834    5.01256834    59.7500323
 0000000905    5.01256834    5.01256834    59.7500323
 0000000906    5.01256834    5.01256834    59.7500323
 0000000907    5.01256834    5.01256834    59.7500323
 0000000908    5.01256834    5.01256834    59.7500323
 0000000909    5.01256834    5.01256834    59.7500323
 0000000910    5.01256834    5.01256834    59.7500323
 0000000911    5.01256834    5.01256834    59.7500323
 0000000912    5.01256834    5.01256834    59.7500323
 0000000913    5.01256834    5.01256834    59.7500323
 0000000914    4.81182815    4.81182815    59.7037579
 0000000915    4.81182815    4.81182815    59.7037579
 0000000916    4.81182815    4.81182815    59.7037579
 0000000917    4.81182815    4.81182815    59.7037578
 0000000918    4.81182815    4.81182815    59.7037578
 0000000919    4.81182815    4.81182815    59.7037578
 0000000920    4.81182815    4.81182815    59.7037578
 0000000921    4.81182815    4.81182815    59.7037578
 0000000922    4.81182815    4.81182815    59.7037579
 0000000923    4.81182815    4.81182815    59.7037579
 0000000924    4.81182815    4.81182815    59.7037579
 0000000925    4.61016404    4.61016404    59.6660412
 0000000926    4.61016404    4.61016404    59.6660411
 0000000927    4.61016404    4.61016404    59.6660409
 0000000928    4.61016404    4.61016404    59.6660409
 0000000929    4.61016404    4.61016404    59.6660408
 0000000930    4.61016404    4.61016404    59.6660408
 0000000931    4.61016404    4.61016404    59.6660408
 0000000932    4.61016404    4.61016404    59.6660409
 0000000933    4.61016404    4.61016404    59.6660409
 0000000934    4.61016404    4.61016404    59.6660411
 0000000935    4.61016404    4.61016404    59.6660412
 0000000936    4.40763458    4.40763458    59.6362830
 0000000937    4.40763458    4.40763458    59.6362826
 0000000938    4.40763458    4.40763458    59.6362822
 0000000939    4.40763458    4.40763458    59.6362819
 0000000940    4.40763458    4.40763458    59.6362818
 0000000941    4.40763458    4.40763458    59.6362818
 0000000942    4.40763458    4.40763458    59.6362818
 0000000943    4.40763458    4.40763458    59.6362819
 0000000944    4.40763458    4.40763458    59.6362822
 0000000945    4.40763458    4.40763458    59.6362826
 0000000946    4.40763458    4.40763458    59.6362830
 0000000947    4.20425720    4.20425720    59.6152932
 0000000948    4.20425720    4.20425720    59.6152922
 0000000949    4.20425720    4.20425720    59.6152909
 0000000950    4.20425720    4.20425720    59.6152903
 0000000951    4.20425720    4.20425720    59.6152901
 0000000952    4.20425720    4.20425720    59.6152900
 0000000953    4.20425720    4.20425720    59.6152901
 0000000954    4.20425720    4.20425720    59.6152903
 0000000955    4.20425720    4.20425720    59.6152909
 0000000956    4.20425720    4.20425720    59.6152922
 0000000957    4.20425720    4.20425720    59.6152932
 0000000958    4.00000000    4.00000000    59.6261826
 0000000959    4.00000000    4.00000000    59.6261811
 0000000960    4.00000000    4.00000000    59.6261793
 0000000961    4.00000000    4.00000000    59.6261783
 0000000962    4.00000000    4.00000000    59.6261780
 0000000963    4.00000000    4.00000000    59.6261779
 0000000964    4.00000000    4.00000000    59.6261780
 0000000965    4.00000000    4.00000000    59.6261783
 0000000966    4.00000000    4.00000000    59.6261793
 0000000967    4.00000000    4.00000000    59.6261811
 0000000968    4.00000000    4.00000000    59.6261826
 0000000969    6.00000000    6.00000000    59.8447197
 0000000970    6.00000000    6.00000000    59.8447197
 0000000971    6.00000000    6.00000000    59.8447197
 0000000972    6.00000000    6.00000000    59.8447197
 0000000973    6.00000000    6.00000000    59.8447197
 0000000974    6.00000000    6.00000000    59.8447197
 0000000975    6.00000000    6.00000000    59.8447197
 0000000976    6.00000000    6.00000000    59.8447197
 0000000977    6.00000000    6.00000000    59.8447197
 0000000978    6.00000000    6.00000000    59.8447197
 0000000979    6.00000000    6.00000000    59.8447197
 0000000980    5.80528311    5.80528311    59.4705804
 0000000981    5.80528311    5.80528311    59.4705804
 0000000982    5.80528311    5.80528311    59.4705804
 0000000983    5.80528311    5.80528311    59.4705804
 0000000984    5.80528311    5.80528311    59.4705804
 0000000985    5.80528311    5.80528311    59.4705804
 0000000986    5.80528311    5.80528311    59.4705804
 0000000987    5.80528311    5.80528311    59.4705804
 0000000988    5.80528311    5.80528311    59.4705804
 0000000989    5.80528311    5.80528311    59.4705804
 0000000990    5.80528311    5.80528311    59.4705804
 0000000991    5.60910181    5.60910181    59.0583706
 0000000992    5.60910181    5.60910181    59.0583706
 0000000993    5.60910181    5.60910181    59.0583706
 0000000994    5.60910181    5.60910181    59.0583706
 0000000995    5.60910181    5.60910181    59.0583706
 0000000996    5.60910181    5.60910181    59.0583706
 0000000997    5.60910181    5.60910181    59.0583706
 0000000998    5.60910181    5.60910181    59.0583706
 0000000999    5.60910181    5.60910181    59.0583706
 0000001000    5.60910181    5.60910181    59.0583706
 0000001001    5.60910181    5.60910181    59.0583706
 0000001002    5.41128793    5.41128793    58.6812769
 0000001003    5.41128793    5.41128793    58.6812769
 0000001004    5.41128793    5.41128793    58.6812769
 0000001005    5.41128793    5.41128793    58.6812769
 0000001006    5.41128793    5.41128793    58.6812769
 0000001007    5.41128793    5.41128793    58.6812769
 0000001008    5.41128793    5.41128793    58.6812769
 0000001009    5.41128793    5.41128793    58.6812769
 0000001010    5.41128793    5.41128793    58.6812769
 0000001011    5.41128793    5.41128793    58.6812769
 0000001012    5.41128793    5.41128793    58.6812769
 0000001013    5.21200987    5.21200987    58.3698705
 0000001014    5.21200987    5.21200987    58.3698705
 0000001015    5.21200987    5.21200987    58.3698705
 0000001016    5.21200987    5.21200987    58.3698705
 0000001017    5.21200987    5.21200987    58.3698705
 0000001018    5.21200987    5.21200987    58.3698705
 0000001019    5.21200987    5.21200987    58.3698705
 0000001020    5.21200987    5.21200987    58.3698705
 0000001021    5.21200987    5.21200987    58.3698705
 0000001022    5.21200987    5.21200987    58.3698705
 0000001023    5.21200987    5.21200987    58.3698705
 0000001024    5.01155146    5.01155146    58.1288372
 0000001025    5.01155146    5.01155146    58.1288372
 0000001026    5.01155146    5.01155146    58.1288372
 0000001027    5.01155146    5.01155146    58.1288372
 0000001028    5.01155146    5.01155146    58.1288372
 0000001029    5.01155146    5.01155146    58.1288372
 0000001030    5.01155146    5.01155146    58.1288372
 0000001031    5.01155146    5.01155146    58.1288372
 0000001032    5.01155146    5.01155146    58.1288372
 0000001033    5.01155146    5.01155146    58.1288372
 0000001034    5.01155146    5.01155146    58.1288372
 0000001035    4.81019927    4.81019927    57.9500434
 0000001036    4.81019927    4.81019927    57.9500434
 0000001037    4.81019927    4.81019927    57.9500434
 0000001038    4.81019927    4.81019927    57.9500434
 0000001039    4.81019927    4.81019927    57.9500434
 0000001040    4.81019927    4.81019927    57.9500434
 0000001041    4.81019927    4.81019927    57.9500434
 0000001042    4.81019927    4.81019927    57.9500434
 0000001043    4.81019927    4.81019927    57.9500434
 0000001044    4.81019927    4.81019927    57.9500434
 0000001045    4.81019927    4.81019927    57.9500434
 0000001046    4.60819605    4.60819605    57.8206074
 0000001047    4.60819605    4.60819605    57.8206074
 0000001048    4.60819605    4.60819605    57.8206074
 0000001049    4.60819605    4.60819605    57.8206074
 0000001050    4.60819605    4.60819605    57.8206074
 0000001051    4.60819605    4.60819605    57.8206074
 0000001052    4.60819605    4.60819605    57.8206074
 0000001053    4.60819605    4.60819605    57.8206074
 0000001054    4.60819605    4.60819605    57.8206074
 0000001055    4.60819605    4.60819605    57.8206074
 0000001056    4.60819605    4.60819605    57.8206074
 0000001057    4.40573127    4.40573127    57.7279637
 0000001058    4.40573127    4.40573127    57.7279637
 0000001059    4.40573127    4.40573127    57.7279637
 0000001060    4.40573127    4.40573127    57.7279636
 0000001061    4.40573127    4.40573127    57.7279636
 0000001062    4.40573127    4.40573127    57.7279636
 0000001063    4.40573127    4.40573127    57.7279636
 0000001064    4.40573127    4.40573127    57.7279636
 0000001065    4.40573127    4.40573127    57.7279637
 0000001066    4.40573127    4.40573127    57.7279637
 0000001067    4.40573127    4.40573127    57.7279637
 0000001068    4.20295261    4.20295261    57.6651125
 0000001069    4.20295261    4.20295261    57.6651125
 0000001070    4.20295261    4.20295261    57.6651124
 0000001071    4.20295261    4.20295261    57.6651123
 0000001072    4.20295261    4.20295261    57.6651123
 0000001073    4.20295261    4.20295261    57.6651123
 0000001074    4.20295261    4.20295261    57.6651123
 0000001075    4.20295261    4.20295261    57.6651123
 0000001076    4.20295261    4.20295261    57.6651124
 0000001077    4.20295261    4.20295261    57.6651125
 0000001078    4.20295261    4.20295261    57.6651125
 0000001079    4.00000000    4.00000000    57.6684659
 0000001080    4.00000000    4.00000000    57.6684661
 0000001081    4.00000000    4.00000000    57.6684660
 0000001082    4.00000000    4.00000000    57.6684659
 0000001083    4.00000000    4.00000000    57.6684659
 0000001084    4.00000000    4.00000000    57.6684659
 0000001085    4.00000000    4.00000000    57.6684659
 0000001086    4.00000000    4.00000000    57.6684659
 0000001087    4.00000000    4.00000000    57.6684660
 0000001088    4.00000000    4.00000000    57.6684661
 0000001089    4.00000000    4.00000000    57.6684659
 0000001090    6.00000000    6.00000000    57.9383304
 0000001091    6.00000000    6.00000000    57.9383304
 0000001092    6.00000000    6.00000000    57.9383304
 0000001093    6.00000000    6.00000000    57.9383304
 0000001094    6.00000000    6.00000000    57.9383304
 0000001095    6.00000000    6.00000000    57.9383304
 0000001096    6.00000000    6.00000000    57.9383304
 0000001097    6.00000000    6.00000000    57.9383304
 0000001098    6.00000000    6.00000000    57.9383304
 0000001099    6.00000000    6.00000000    57.9383304
 0000001100    6.00000000    6.00000000    57.9383304
 0000001101    5.81056799    5.81056799    55.4680819
 0000001102    5.81056799    5.81056799    55.4680819
 0000001103    5.81056799    5.81056799    55.4680819
 0000001104    5.81056799    5.81056799    55.4680819
 0000001105    5.81056799    5.81056799    55.4680819
 0000001106    5.81056799    5.81056799    55.4680819
 0000001107    5.81056799    5.81056799    55.4680819
 0000001108    5.81056799    5.81056799    55.4680819
 0000001109    5.81056799    5.81056799    55.4680819
 0000001110    5.81056799    5.81056799    55.4680819
 0000001111    5.81056799    5.81056799    55.4680819
 0000001112    5.61536069    5.61536069    53.6870919
 0000001113    5.61536069    5.61536069    53.6870919
 0000001114    5.61536069    5.61536069    53.6870919
 0000001115    5.61536069    5.61536069    53.6870919
 0000001116    5.61536069    5.61536069    53.6870919
 0000001117    5.61536069    5.61536069    53.6870919
 0000001118    5.61536069    5.61536069    53.6870919
 0000001119    5.61536069    5.61536069    53.6870919
 0000001120    5.61536069    5.61536069    53.6870919
 0000001121    5.61536069    5.61536069    53.6870919
 0000001122    5.61536069    5.61536069    53.6870919
 0000001123    5.41653519    5.41653519    52.4443654
 0000001124    5.41653519    5.41653519    52.4443654
 0000001125    5.41653519    5.41653519    52.4443654
 0000001126    5.41653519    5.41653519    52.4443654
 0000001127    5.41653519    5.41653519    52.4443654
 0000001128    5.41653519    5.41653519    52.4443654
 0000001129    5.41653519    5.41653519    52.4443654
 0000001130    5.41653519    5.41653519    52.4443654
 0000001131    5.41653519    5.41653519    52.4443654
 0000001132    5.41653519    5.41653519    52.4443654
 0000001133    5.41653519    5.41653519    52.4443654
 0000001134    5.21557053    5.21557053    51.6034502
 0000001135    5.21557053    5.21557053    51.6034502
 0000001136    5.21557053    5.21557053    51.6034502
 0000001137    5.21557053    5.21557053    51.6034502
 0000001138    5.21557053    5.21557053    51.6034502
 0000001139    5.21557053    5.21557053    51.6034502
 0000001140    5.21557053    5.21557053    51.6034502
 0000001141    5.21557053    5.21557053    51.6034502
 0000001142    5.21557053    5.21557053    51.6034502
 0000001143    5.21557053    5.21557053    51.6034502
 0000001144    5.21557053    5.21557053    51.6034502
 0000001145    5.01344816    5.01344816    51.0477120
 0000001146    5.01344816    5.01344816    51.0477120
 0000001147    5.01344816    5.01344816    51.0477120
 0000001148    5.01344816    5.01344816    51.0477120
 0000001149    5.01344816    5.01344816    51.0477120
 0000001150    5.01344816    5.01344816    51.0477120
 0000001151    5.01344816    5.01344816    51.0477120
 0000001152    5.01344816    5.01344816    51.0477120
 0000001153    5.01344816    5.01344816    51.0477120
 0000001154    5.01344816    5.01344816    51.0477120
 0000001155    5.01344816    5.01344816    51.0477120
 0000001156    4.81078604    4.81078604    50.6855594
 0000001157    4.81078604    4.81078604    50.6855594
 0000001158    4.81078604    4.81078604    50.6855594
 0000001159    4.81078604    4.81078604    50.6855594
 0000001160    4.81078604    4.81078604    50.6855594
 0000001161    4.81078604    4.81078604    50.6855594
 0000001162    4.81078604    4.81078604    50.6855594
 0000001163    4.81078604    4.81078604    50.6855594
 0000001164    4.81078604    4.81078604    50.6855594
 0000001165    4.81078604    4.81078604    50.6855594
 0000001166    4.81078604    4.81078604    50.6855594
 0000001167    4.60795094    4.60795094    50.4470197
 0000001168    4.60795094    4.60795094    50.4470197
 0000001169    4.60795094    4.60795094    50.4470197
 0000001170    4.60795094    4.60795094    50.4470197
 0000001171    4.60795094    4.60795094    50.4470197
 0000001172    4.60795094    4.60795094    50.4470197
 0000001173    4.60795094    4.60795094    50.4470197
 0000001174    4.60795094    4.60795094    50.4470197
 0000001175    4.60795094    4.60795094    50.4470197
 0000001176    4.60795094    4.60795094    50.4470197
 0000001177    4.60795094    4.60795094    50.4470197
 0000001178    4.40515658    4.40515658    50.2873788
 0000001179    4.40515658    4.40515658    50.2873788
 0000001180    4.40515658    4.40515658    50.2873788
 0000001181    4.40515658    4.40515658    50.2873788
 0000001182    4.40515658    4.40515658    50.2873788
 0000001183    4.40515658    4.40515658    50.2873788
 0000001184    4.40515658    4.40515658    50.2873788
 0000001185    4.40515658    4.40515658    50.2873788
 0000001186    4.40515658    4.40515658    50.2873788
 0000001187    4.40515658    4.40515658    50.2873788
 0000001188    4.40515658    4.40515658    50.2873788
 0000001189    4.20250054    4.20250054    50.1807463
 0000001190    4.20250054    4.20250054    50.1807463
 0000001191    4.20250054    4.20250054    50.1807463
 0000001192    4.20250054    4.20250054    50.1807463
 0000001193    4.20250054    4.20250054    50.1807463
 0000001194    4.20250054    4.20250054    50.1807463
 0000001195    4.20250054    4.20250054    50.1807463
 0000001196    4.20250054    4.20250054    50.1807463
 0000001197    4.20250054    4.20250054    50.1807463
 0000001198    4.20250054    4.20250054    50.1807463
 0000001199    4.20250054    4.20250054    50.1807463
 0000001200    4.00000000    4.00000000    50.1731811
 0000001201    4.00000000    4.00000000    50.1731812
 0000001202    4.00000000    4.00000000    50.1731812
 0000001203    4.00000000    4.00000000    50.1731812
 0000001204    4.00000000    4.00000000    50.1731812
 0000001205    4.00000000    4.00000000    50.1731812
 0000001206    4.00000000    4.00000000    50.1731812
 0000001207    4.00000000    4.00000000    50.1731812
 0000001208    4.00000000    4.00000000    50.1731812
 0000001209    4.00000000    4.00000000    50.1731812
 0000001210    4.00000000    4.00000000    50.1731811
 0000001211    6.00000000    6.00000000    30.0000000
 0000001212    6.00000000    6.00000000    30.0000000
 0000001213    6.00000000    6.00000000    30.0000000
 0000001214    6.00000000    6.00000000    30.0000000
 0000001215    6.00000000    6.00000000    30.0000000
 0000001216    6.00000000    6.00000000    30.0000000
 0000001217    6.00000000    6.00000000    30.0000000
 0000001218    6.00000000    6.00000000    30.0000000
 0000001219    6.00000000    6.00000000    30.0000000
 0000001220    6.00000000    6.00000000    30.0000000
 0000001221    6.00000000    6.00000000    30.0000000
 0000001222    5.80145045    5.80145045    30.0000000
 0000001223    5.80145045    5.80145045    30.0000000
 0000001224    5.80145045    5.80145045    30.0000000
 0000001225    5.80145045    5.80145045    30.0000000
 0000001226    5.80145045    5.80145045    30.0000000
 0000001227    5.80145045    5.80145045    30.0000000
 0000001228    5.80145045    5.80145045    30.0000000
 0000001229    5.80145045    5.80145045    30.0000000
 0000001230    5.80145045    5.80145045    30.0000000
 0000001231    5.80145045    5.80145045    30.0000000
 0000001232    5.80145045    5.80145045    30.0000000
 0000001233    5.60300248    5.60300248    30.0000000
 0000001234    5.60300248    5.60300248    30.0000000
 0000001235    5.60300248    5.60300248    30.0000000
 0000001236    5.60300248    5.60300248    30.0000000
 0000001237    5.60300248    5.60300248    30.0000000
 0000001238    5.60300248    5.60300248    30.0000000
 0000001239    5.60300248    5.60300248    30.0000000
 0000001240    5.60300248    5.60300248    30.0000000
 0000001241    5.60300248    5.60300248    30.0000000
 0000001242    5.60300248    5.60300248    30.0000000
 0000001243    5.60300248    5.60300248    30.0000000
 0000001244    5.40372925    5.40372925    30.0000000
 0000001245    5.40372925    5.40372925    30.0000000
 0000001246    5.40372925    5.40372925    30.0000000
 0000001247    5.40372925    5.40372925    30.0000000
 0000001248    5.40372925    5.40372925    30.0000000
 0000001249    5.40372925    5.40372925    30.0000000
 0000001250    5.40372925    5.40372925    30.0000000
 0000001251    5.40372925    5.40372925    30.0000000
 0000001252    5.40372925    5.40372925    30.0000000
 0000001253    5.40372925    5.40372925    30.0000000
 0000001254    5.40372925    5.40372925    30.0000000
 0000001255    5.20351180    5.20351180    30.0000000
 0000001256    5.20351180    5.20351180    30.0000000
 0000001257    5.20351180    5.20351180    30.0000000
 0000001258    5.20351180    5.20351180    30.0000000
 0000001259    5.20351180    5.20351180    30.0000000
 0000001260    5.20351180    5.20351180    30.0000000
 0000001261    5.20351180    5.20351180    30.0000000
 0000001262    5.20351180    5.20351180    30.0000000
 0000001263    5.20351180    5.20351180    30.0000000
 0000001264    5.20351180    5.20351180    30.0000000
 0000001265    5.20351180    5.20351180    30.0000000
 0000001266    5.00258427    5.00258427    30.0000000
 0000001267    5.00258427    5.00258427    30.0000000
 0000001268    5.00258427    5.00258427    30.0000000
 0000001269    5.00258427    5.00258427    30.0000000
 0000001270    5.00258427    5.00258427    30.0000000
 0000001271    5.00258427    5.00258427    30.0000000
 0000001272    5.00258427    5.00258427    30.0000000
 0000001273    5.00258427    5.00258427    30.0000000
 0000001274    5.00258427    5.00258427    30.0000000
 0000001275    5.00258427    5.00258427    30.0000000
 0000001276    5.00258427    5.00258427    30.0000000
 0000001277    4.80130429    4.80130429    30.0000000
 0000001278    4.80130429    4.80130429    30.0000000
 0000001279    4.80130429    4.80130429    30.0000000
 0000001280    4.80130429    4.80130429    30.0000000
 0000001281    4.80130429    4.80130429    30.0000000
 0000001282    4.80130429    4.80130429    30.0000000
 0000001283    4.80130429    4.80130429    30.0000000
 0000001284    4.80130429    4.80130429    30.0000000
 0000001285    4.80130429    4.80130429    30.0000000
 0000001286    4.80130429    4.80130429    30.0000000
 0000001287    4.80130429    4.80130429    30.0000000
 0000001288    4.60005319    4.60005319    30.0000000
 0000001289    4.60005319    4.60005319    30.0000000
 0000001290    4.60005319    4.60005319    30.0000000
 0000001291    4.60005319    4.60005319    30.0000000
 0000001292    4.60005319    4.60005319    30.0000000
 0000001293    4.60005319    4.60005319    30.0000000
 0000001294    4.60005319    4.60005319    30.0000000
 0000001295    4.60005319    4.60005319    30.0000000
 0000001296    4.60005319    4.60005319    30.0000000
 0000001297    4.60005319    4.60005319    30.0000000
 0000001298    4.60005319    4.60005319    30.0000000
 0000001299    4.39914755    4.39914755    30.0000000
 0000001300    4.39914755    4.39914755    30.0000000
 0000001301    4.39914755    4.39914755    30.0000000
 0000001302    4.39914755    4.39914755    30.0000000
 0000001303    4.39914755    4.39914755    30.0000000
 0000001304    4.39914755    4.39914755    30.0000000
 0000001305    4.39914755    4.39914755    30.0000000
 0000001306    4.39914755    4.39914755    30.0000000
 0000001307    4.39914755    4.39914755    30.0000000
 0000001308    4.39914755    4.39914755    30.0000000
 0000001309    4.39914755    4.39914755    30.0000000
 0000001310    4.19896495    4.19896495    30.0000000
 0000001311    4.19896495    4.19896495    30.0000000
 0000001312    4.19896495    4.19896495    30.0000000
 0000001313    4.19896495    4.19896495    30.0000000
 0000001314    4.19896495    4.19896495    30.0000000
 0000001315    4.19896495    4.19896495    30.0000000
 0000001316    4.19896495    4.19896495    30.0000000
 0000001317    4.19896495    4.19896495    30.0000000
 0000001318    4.19896495    4.19896495    30.0000000
 0000001319    4.19896495    4.19896495    30.0000000
 0000001320    4.19896495    4.19896495    30.0000000
 0000001321    4.00000000    4.00000000    30.0000000
 0000001322    4.00000000    4.00000000    30.0000000
 0000001323    4.00000000    4.00000000    30.0000000
 0000001324    4.00000000    4.00000000    30.0000000
 0000001325    4.00000000    4.00000000    30.0000000
 0000001326    4.00000000    4.00000000    30.0000000
 0000001327    4.00000000    4.00000000    30.0000000
 0000001328    4.00000000    4.00000000    30.0000000
 0000001329    4.00000000    4.00000000    30.0000000
 0000001330    4.00000000    4.00000000    30.0000000
 0000001331    4.00000000    4.00000000    30.0000000
