TITLE = "FEHM V3.2.0lin 13-12-17 QA:NA  12/17/2013  15:11:36 # tut1_INPUT.dat"
FILETYPE = "SOLUTION"
VARIABLES = "node" "Liquid Pressure (MPa)" "Vapor Pressure (MPa)" "Temperature (<sup>o</sup>C)"
ZONE T ="Simulation time   10.0000000    days", N =     1331, E =     1000, DATAPACKING = POINT, ZONETYPE = FEBRICK, STRANDID = 0, SOLUTIONTIME =   10.0000000
 0000000001    6.00000000    6.00000000    80.0000000
 0000000002    6.00000000    6.00000000    80.0000000
 0000000003    6.00000000    6.00000000    80.0000000
 0000000004    6.00000000    6.00000000    80.0000000
 0000000005    6.00000000    6.00000000    80.0000000
 0000000006    6.00000000    6.00000000    80.0000000
 0000000007    6.00000000    6.00000000    80.0000000
 0000000008    6.00000000    6.00000000    80.0000000
 0000000009    6.00000000    6.00000000    80.0000000
 0000000010    6.00000000    6.00000000    80.0000000
 0000000011    6.00000000    6.00000000    80.0000000
 0000000012    5.80260088    5.80260088    80.0000000
 0000000013    5.80260094    5.80260094    80.0000000
 0000000014    5.80260108    5.80260108    80.0000000
 0000000015    5.80260126    5.80260126    80.0000000
 0000000016    5.80260140    5.80260140    80.0000000
 0000000017    5.80260145    5.80260145    80.0000000
 0000000018    5.80260140    5.80260140    80.0000000
 0000000019    5.80260126    5.80260126    80.0000000
 0000000020    5.80260108    5.80260108    80.0000000
 0000000021    5.80260094    5.80260094    80.0000000
 0000000022    5.80260088    5.80260088    80.0000000
 0000000023    5.60450489    5.60450489    80.0000000
 0000000024    5.60450503    5.60450503    80.0000000
 0000000025    5.60450537    5.60450537    80.0000000
 0000000026    5.60450577    5.60450577    80.0000000
 0000000027    5.60450610    5.60450610    80.0000000
 0000000028    5.60450622    5.60450622    80.0000000
 0000000029    5.60450610    5.60450610    80.0000000
 0000000030    5.60450577    5.60450577    80.0000000
 0000000031    5.60450537    5.60450537    80.0000000
 0000000032    5.60450503    5.60450503    80.0000000
 0000000033    5.60450489    5.60450489    80.0000000
 0000000034    5.40592789    5.40592789    80.0000000
 0000000035    5.40592814    5.40592814    80.0000000
 0000000036    5.40592878    5.40592878    80.0000000
 0000000037    5.40592954    5.40592954    80.0000000
 0000000038    5.40593014    5.40593014    80.0000000
 0000000039    5.40593036    5.40593036    80.0000000
 0000000040    5.40593014    5.40593014    80.0000000
 0000000041    5.40592954    5.40592954    80.0000000
 0000000042    5.40592878    5.40592878    80.0000000
 0000000043    5.40592814    5.40592814    80.0000000
 0000000044    5.40592789    5.40592789    80.0000000
 0000000045    5.20689871    5.20689871    80.0000000
 0000000046    5.20689917    5.20689917    80.0000000
 0000000047    5.20690031    5.20690031    80.0000000
 0000000048    5.20690163    5.20690163    80.0000000
 0000000049    5.20690264    5.20690264    80.0000000
 0000000050    5.20690301    5.20690301    80.0000000
 0000000051    5.20690264    5.20690264    80.0000000
 0000000052    5.20690163    5.20690163    80.0000000
 0000000053    5.20690031    5.20690031    80.0000000
 0000000054    5.20689917    5.20689917    80.0000000
 0000000055    5.20689871    5.20689871    80.0000000
 0000000056    5.00739679    5.00739679    80.0000000
 0000000057    5.00739761    5.00739761    80.0000000
 0000000058    5.00739957    5.00739957    80.0000000
 0000000059    5.00740175    5.00740175    80.0000000
 0000000060    5.00740337    5.00740337    80.0000000
 0000000061    5.00740396    5.00740396    80.0000000
 0000000062    5.00740337    5.00740337    80.0000000
 0000000063    5.00740175    5.00740175    80.0000000
 0000000064    5.00739957    5.00739957    80.0000000
 0000000065    5.00739761    5.00739761    80.0000000
 0000000066    5.00739679    5.00739679    80.0000000
 0000000067    4.80737913    4.80737913    80.0000000
 0000000068    4.80738059    4.80738059    80.0000000
 0000000069    4.80738386    4.80738386    80.0000000
 0000000070    4.80738728    4.80738728    80.0000000
 0000000071    4.80738971    4.80738971    80.0000000
 0000000072    4.80739058    4.80739058    80.0000000
 0000000073    4.80738971    4.80738971    80.0000000
 0000000074    4.80738728    4.80738728    80.0000000
 0000000075    4.80738386    4.80738386    80.0000000
 0000000076    4.80738059    4.80738059    80.0000000
 0000000077    4.80737913    4.80737913    80.0000000
 0000000078    4.60677613    4.60677613    80.0000000
 0000000079    4.60677871    4.60677871    80.0000000
 0000000080    4.60678384    4.60678384    80.0000000
 0000000081    4.60678876    4.60678876    80.0000000
 0000000082    4.60679205    4.60679205    80.0000000
 0000000083    4.60679318    4.60679318    80.0000000
 0000000084    4.60679205    4.60679205    80.0000000
 0000000085    4.60678876    4.60678876    80.0000000
 0000000086    4.60678384    4.60678384    80.0000000
 0000000087    4.60677871    4.60677871    80.0000000
 0000000088    4.60677613    4.60677613    80.0000000
 0000000089    4.40547739    4.40547739    80.0000000
 0000000090    4.40548168    4.40548168    80.0000000
 0000000091    4.40548878    4.40548878    80.0000000
 0000000092    4.40549479    4.40549479    80.0000000
 0000000093    4.40549847    4.40549847    80.0000000
 0000000094    4.40549969    4.40549969    80.0000000
 0000000095    4.40549847    4.40549847    80.0000000
 0000000096    4.40549479    4.40549479    80.0000000
 0000000097    4.40548878    4.40548878    80.0000000
 0000000098    4.40548168    4.40548168    80.0000000
 0000000099    4.40547739    4.40547739    80.0000000
 0000000100    4.20331023    4.20331023    80.0000000
 0000000101    4.20331559    4.20331559    80.0000000
 0000000102    4.20332252    4.20332252    80.0000000
 0000000103    4.20332750    4.20332750    80.0000000
 0000000104    4.20333026    4.20333026    80.0000000
 0000000105    4.20333113    4.20333113    80.0000000
 0000000106    4.20333026    4.20333026    80.0000000
 0000000107    4.20332750    4.20332750    80.0000000
 0000000108    4.20332252    4.20332252    80.0000000
 0000000109    4.20331559    4.20331559    80.0000000
 0000000110    4.20331023    4.20331023    80.0000000
 0000000111    4.00000000    4.00000000    80.0000000
 0000000112    4.00000000    4.00000000    80.0000000
 0000000113    4.00000000    4.00000000    80.0000000
 0000000114    4.00000000    4.00000000    80.0000000
 0000000115    4.00000000    4.00000000    80.0000000
 0000000116    4.00000000    4.00000000    80.0000000
 0000000117    4.00000000    4.00000000    80.0000000
 0000000118    4.00000000    4.00000000    80.0000000
 0000000119    4.00000000    4.00000000    80.0000000
 0000000120    4.00000000    4.00000000    80.0000000
 0000000121    4.00000000    4.00000000    80.0000000
 0000000122    6.00000000    6.00000000    65.4682495
 0000000123    6.00000000    6.00000000    65.4682500
 0000000124    6.00000000    6.00000000    65.4682512
 0000000125    6.00000000    6.00000000    65.4682526
 0000000126    6.00000000    6.00000000    65.4682538
 0000000127    6.00000000    6.00000000    65.4682542
 0000000128    6.00000000    6.00000000    65.4682538
 0000000129    6.00000000    6.00000000    65.4682526
 0000000130    6.00000000    6.00000000    65.4682512
 0000000131    6.00000000    6.00000000    65.4682500
 0000000132    6.00000000    6.00000000    65.4682495
 0000000133    5.79715237    5.79715237    66.9586201
 0000000134    5.79715245    5.79715245    66.9586203
 0000000135    5.79715267    5.79715267    66.9586208
 0000000136    5.79715292    5.79715292    66.9586213
 0000000137    5.79715312    5.79715312    66.9586218
 0000000138    5.79715319    5.79715319    66.9586220
 0000000139    5.79715312    5.79715312    66.9586218
 0000000140    5.79715292    5.79715292    66.9586213
 0000000141    5.79715267    5.79715267    66.9586208
 0000000142    5.79715245    5.79715245    66.9586203
 0000000143    5.79715237    5.79715237    66.9586201
 0000000144    5.59776555    5.59776555    67.4331535
 0000000145    5.59776576    5.59776576    67.4331536
 0000000146    5.59776627    5.59776627    67.4331538
 0000000147    5.59776688    5.59776688    67.4331541
 0000000148    5.59776736    5.59776736    67.4331543
 0000000149    5.59776753    5.59776753    67.4331544
 0000000150    5.59776736    5.59776736    67.4331543
 0000000151    5.59776688    5.59776688    67.4331541
 0000000152    5.59776627    5.59776627    67.4331538
 0000000153    5.59776576    5.59776576    67.4331536
 0000000154    5.59776555    5.59776555    67.4331535
 0000000155    5.39901365    5.39901365    67.5756934
 0000000156    5.39901408    5.39901408    67.5756932
 0000000157    5.39901516    5.39901516    67.5756932
 0000000158    5.39901639    5.39901639    67.5756932
 0000000159    5.39901733    5.39901733    67.5756934
 0000000160    5.39901767    5.39901767    67.5756934
 0000000161    5.39901733    5.39901733    67.5756934
 0000000162    5.39901639    5.39901639    67.5756932
 0000000163    5.39901516    5.39901516    67.5756932
 0000000164    5.39901408    5.39901408    67.5756932
 0000000165    5.39901365    5.39901365    67.5756934
 0000000166    5.20010156    5.20010156    67.6165981
 0000000167    5.20010249    5.20010249    67.6165957
 0000000168    5.20010468    5.20010468    67.6165935
 0000000169    5.20010707    5.20010707    67.6165927
 0000000170    5.20010883    5.20010883    67.6165926
 0000000171    5.20010946    5.20010946    67.6165926
 0000000172    5.20010883    5.20010883    67.6165926
 0000000173    5.20010707    5.20010707    67.6165927
 0000000174    5.20010468    5.20010468    67.6165935
 0000000175    5.20010249    5.20010249    67.6165957
 0000000176    5.20010156    5.20010156    67.6165981
 0000000177    5.00084675    5.00084675    67.6277097
 0000000178    5.00084885    5.00084885    67.6276853
 0000000179    5.00085338    5.00085338    67.6276659
 0000000180    5.00085797    5.00085797    67.6276584
 0000000181    5.00086116    5.00086116    67.6276565
 0000000182    5.00086227    5.00086227    67.6276561
 0000000183    5.00086116    5.00086116    67.6276565
 0000000184    5.00085797    5.00085797    67.6276584
 0000000185    5.00085338    5.00085338    67.6276659
 0000000186    5.00084885    5.00084885    67.6276853
 0000000187    5.00084675    5.00084675    67.6277097
 0000000188    4.80122902    4.80122902    67.6307365
 0000000189    4.80123424    4.80123424    67.6305030
 0000000190    4.80124385    4.80124385    67.6303487
 0000000191    4.80125253    4.80125253    67.6302957
 0000000192    4.80125805    4.80125805    67.6302823
 0000000193    4.80125991    4.80125991    67.6302800
 0000000194    4.80125805    4.80125805    67.6302823
 0000000195    4.80125253    4.80125253    67.6302957
 0000000196    4.80124385    4.80124385    67.6303487
 0000000197    4.80123424    4.80123424    67.6305030
 0000000198    4.80122902    4.80122902    67.6307365
 0000000199    4.60125878    4.60125878    67.6357115
 0000000200    4.60127323    4.60127323    67.6334843
 0000000201    4.60129397    4.60129397    67.6323316
 0000000202    4.60130970    4.60130970    67.6319973
 0000000203    4.60131859    4.60131859    67.6319222
 0000000204    4.60132141    4.60132141    67.6319101
 0000000205    4.60131859    4.60131859    67.6319222
 0000000206    4.60130970    4.60130970    67.6319973
 0000000207    4.60129397    4.60129397    67.6323316
 0000000208    4.60127323    4.60127323    67.6334843
 0000000209    4.60125878    4.60125878    67.6357115
 0000000210    4.40094785    4.40094785    67.6728822
 0000000211    4.40099084    4.40099084    67.6517436
 0000000212    4.40103398    4.40103398    67.6437525
 0000000213    4.40105960    4.40105960    67.6418866
 0000000214    4.40107188    4.40107188    67.6415307
 0000000215    4.40107546    4.40107546    67.6414791
 0000000216    4.40107188    4.40107188    67.6415307
 0000000217    4.40105960    4.40105960    67.6418866
 0000000218    4.40103398    4.40103398    67.6437525
 0000000219    4.40099084    4.40099084    67.6517436
 0000000220    4.40094785    4.40094785    67.6728822
 0000000221    4.20035040    4.20035040    67.9443941
 0000000222    4.20046402    4.20046402    67.7458164
 0000000223    4.20053507    4.20053507    67.6972923
 0000000224    4.20056555    4.20056555    67.6887354
 0000000225    4.20057729    4.20057729    67.6874023
 0000000226    4.20058034    4.20058034    67.6872333
 0000000227    4.20057729    4.20057729    67.6874023
 0000000228    4.20056555    4.20056555    67.6887354
 0000000229    4.20053507    4.20053507    67.6972923
 0000000230    4.20046402    4.20046402    67.7458164
 0000000231    4.20035040    4.20035040    67.9443941
 0000000232    4.00000000    4.00000000    69.8892396
 0000000233    4.00000000    4.00000000    68.0562465
 0000000234    4.00000000    4.00000000    67.8424890
 0000000235    4.00000000    4.00000000    67.8170886
 0000000236    4.00000000    4.00000000    67.8140047
 0000000237    4.00000000    4.00000000    67.8136684
 0000000238    4.00000000    4.00000000    67.8140047
 0000000239    4.00000000    4.00000000    67.8170886
 0000000240    4.00000000    4.00000000    67.8424890
 0000000241    4.00000000    4.00000000    68.0562465
 0000000242    4.00000000    4.00000000    69.8892396
 0000000243    6.00000000    6.00000000    61.3382872
 0000000244    6.00000000    6.00000000    61.3382873
 0000000245    6.00000000    6.00000000    61.3382876
 0000000246    6.00000000    6.00000000    61.3382880
 0000000247    6.00000000    6.00000000    61.3382884
 0000000248    6.00000000    6.00000000    61.3382885
 0000000249    6.00000000    6.00000000    61.3382884
 0000000250    6.00000000    6.00000000    61.3382880
 0000000251    6.00000000    6.00000000    61.3382876
 0000000252    6.00000000    6.00000000    61.3382873
 0000000253    6.00000000    6.00000000    61.3382872
 0000000254    5.79754052    5.79754052    61.8760225
 0000000255    5.79754058    5.79754058    61.8760225
 0000000256    5.79754072    5.79754072    61.8760227
 0000000257    5.79754089    5.79754089    61.8760229
 0000000258    5.79754103    5.79754103    61.8760231
 0000000259    5.79754108    5.79754108    61.8760231
 0000000260    5.79754103    5.79754103    61.8760231
 0000000261    5.79754089    5.79754089    61.8760229
 0000000262    5.79754072    5.79754072    61.8760227
 0000000263    5.79754058    5.79754058    61.8760225
 0000000264    5.79754052    5.79754052    61.8760225
 0000000265    5.59673207    5.59673207    62.1044331
 0000000266    5.59673220    5.59673220    62.1044331
 0000000267    5.59673255    5.59673255    62.1044332
 0000000268    5.59673296    5.59673296    62.1044332
 0000000269    5.59673329    5.59673329    62.1044333
 0000000270    5.59673341    5.59673341    62.1044334
 0000000271    5.59673329    5.59673329    62.1044333
 0000000272    5.59673296    5.59673296    62.1044332
 0000000273    5.59673255    5.59673255    62.1044332
 0000000274    5.59673220    5.59673220    62.1044331
 0000000275    5.59673207    5.59673207    62.1044331
 0000000276    5.39665513    5.39665513    62.1873314
 0000000277    5.39665541    5.39665541    62.1873312
 0000000278    5.39665610    5.39665610    62.1873310
 0000000279    5.39665691    5.39665691    62.1873310
 0000000280    5.39665753    5.39665753    62.1873310
 0000000281    5.39665776    5.39665776    62.1873310
 0000000282    5.39665753    5.39665753    62.1873310
 0000000283    5.39665691    5.39665691    62.1873310
 0000000284    5.39665610    5.39665610    62.1873310
 0000000285    5.39665541    5.39665541    62.1873312
 0000000286    5.39665513    5.39665513    62.1873314
 0000000287    5.19686996    5.19686996    62.2142875
 0000000288    5.19687051    5.19687051    62.2142857
 0000000289    5.19687184    5.19687184    62.2142838
 0000000290    5.19687334    5.19687334    62.2142829
 0000000291    5.19687446    5.19687446    62.2142827
 0000000292    5.19687487    5.19687487    62.2142826
 0000000293    5.19687446    5.19687446    62.2142827
 0000000294    5.19687334    5.19687334    62.2142829
 0000000295    5.19687184    5.19687184    62.2142838
 0000000296    5.19687051    5.19687051    62.2142857
 0000000297    5.19686996    5.19686996    62.2142875
 0000000298    4.99720526    4.99720526    62.2220587
 0000000299    4.99720639    4.99720639    62.2220436
 0000000300    4.99720897    4.99720897    62.2220294
 0000000301    4.99721169    4.99721169    62.2220230
 0000000302    4.99721363    4.99721363    62.2220210
 0000000303    4.99721432    4.99721432    62.2220206
 0000000304    4.99721363    4.99721363    62.2220210
 0000000305    4.99721169    4.99721169    62.2220230
 0000000306    4.99720897    4.99720897    62.2220294
 0000000307    4.99720639    4.99720639    62.2220436
 0000000308    4.99720526    4.99720526    62.2220587
 0000000309    4.79760138    4.79760138    62.2241480
 0000000310    4.79760388    4.79760388    62.2240261
 0000000311    4.79760890    4.79760890    62.2239279
 0000000312    4.79761372    4.79761372    62.2238885
 0000000313    4.79761693    4.79761693    62.2238771
 0000000314    4.79761803    4.79761803    62.2238749
 0000000315    4.79761693    4.79761693    62.2238771
 0000000316    4.79761372    4.79761372    62.2238885
 0000000317    4.79760890    4.79760890    62.2239279
 0000000318    4.79760388    4.79760388    62.2240261
 0000000319    4.79760138    4.79760138    62.2241480
 0000000320    4.59803859    4.59803859    62.2280087
 0000000321    4.59804453    4.59804453    62.2270591
 0000000322    4.59805432    4.59805432    62.2264296
 0000000323    4.59806245    4.59806245    62.2262110
 0000000324    4.59806735    4.59806735    62.2261540
 0000000325    4.59806895    4.59806895    62.2261437
 0000000326    4.59806735    4.59806735    62.2261540
 0000000327    4.59806245    4.59806245    62.2262110
 0000000328    4.59805432    4.59805432    62.2264296
 0000000329    4.59804453    4.59804453    62.2270591
 0000000330    4.59803859    4.59803859    62.2280087
 0000000331    4.39851260    4.39851260    62.2546432
 0000000332    4.39852730    4.39852730    62.2476878
 0000000333    4.39854542    4.39854542    62.2440465
 0000000334    4.39855769    4.39855769    62.2429773
 0000000335    4.39856410    4.39856410    62.2427330
 0000000336    4.39856605    4.39856605    62.2426928
 0000000337    4.39856410    4.39856410    62.2427330
 0000000338    4.39855769    4.39855769    62.2429773
 0000000339    4.39854542    4.39854542    62.2440465
 0000000340    4.39852730    4.39852730    62.2476878
 0000000341    4.39851260    4.39851260    62.2546432
 0000000342    4.19905975    4.19905975    62.4167554
 0000000343    4.19909063    4.19909063    62.3712436
 0000000344    4.19911674    4.19911674    62.3534515
 0000000345    4.19913023    4.19913023    62.3491573
 0000000346    4.19913608    4.19913608    62.3483095
 0000000347    4.19913769    4.19913769    62.3481830
 0000000348    4.19913608    4.19913608    62.3483095
 0000000349    4.19913023    4.19913023    62.3491573
 0000000350    4.19911674    4.19911674    62.3534515
 0000000351    4.19909063    4.19909063    62.3712436
 0000000352    4.19905975    4.19905975    62.4167554
 0000000353    4.00000000    4.00000000    63.2889032
 0000000354    4.00000000    4.00000000    63.0586018
 0000000355    4.00000000    4.00000000    62.9962129
 0000000356    4.00000000    4.00000000    62.9840174
 0000000357    4.00000000    4.00000000    62.9819193
 0000000358    4.00000000    4.00000000    62.9816318
 0000000359    4.00000000    4.00000000    62.9819193
 0000000360    4.00000000    4.00000000    62.9840174
 0000000361    4.00000000    4.00000000    62.9962129
 0000000362    4.00000000    4.00000000    63.0586018
 0000000363    4.00000000    4.00000000    63.2889032
 0000000364    6.00000000    6.00000000    60.2971377
 0000000365    6.00000000    6.00000000    60.2971377
 0000000366    6.00000000    6.00000000    60.2971377
 0000000367    6.00000000    6.00000000    60.2971378
 0000000368    6.00000000    6.00000000    60.2971379
 0000000369    6.00000000    6.00000000    60.2971379
 0000000370    6.00000000    6.00000000    60.2971379
 0000000371    6.00000000    6.00000000    60.2971378
 0000000372    6.00000000    6.00000000    60.2971377
 0000000373    6.00000000    6.00000000    60.2971377
 0000000374    6.00000000    6.00000000    60.2971377
 0000000375    5.79654555    5.79654555    60.4412620
 0000000376    5.79654558    5.79654558    60.4412620
 0000000377    5.79654566    5.79654566    60.4412620
 0000000378    5.79654576    5.79654576    60.4412621
 0000000379    5.79654583    5.79654583    60.4412621
 0000000380    5.79654586    5.79654586    60.4412621
 0000000381    5.79654583    5.79654583    60.4412621
 0000000382    5.79654576    5.79654576    60.4412621
 0000000383    5.79654566    5.79654566    60.4412620
 0000000384    5.79654558    5.79654558    60.4412620
 0000000385    5.79654555    5.79654555    60.4412620
 0000000386    5.59436635    5.59436635    60.5140322
 0000000387    5.59436642    5.59436642    60.5140322
 0000000388    5.59436661    5.59436661    60.5140322
 0000000389    5.59436682    5.59436682    60.5140322
 0000000390    5.59436700    5.59436700    60.5140322
 0000000391    5.59436706    5.59436706    60.5140322
 0000000392    5.59436700    5.59436700    60.5140322
 0000000393    5.59436682    5.59436682    60.5140322
 0000000394    5.59436661    5.59436661    60.5140322
 0000000395    5.59436642    5.59436642    60.5140322
 0000000396    5.59436635    5.59436635    60.5140322
 0000000397    5.39310837    5.39310837    60.5439717
 0000000398    5.39310850    5.39310850    60.5439716
 0000000399    5.39310884    5.39310884    60.5439715
 0000000400    5.39310925    5.39310925    60.5439714
 0000000401    5.39310956    5.39310956    60.5439714
 0000000402    5.39310968    5.39310968    60.5439714
 0000000403    5.39310956    5.39310956    60.5439714
 0000000404    5.39310925    5.39310925    60.5439714
 0000000405    5.39310884    5.39310884    60.5439715
 0000000406    5.39310850    5.39310850    60.5439716
 0000000407    5.39310837    5.39310837    60.5439717
 0000000408    5.19252316    5.19252316    60.5543779
 0000000409    5.19252341    5.19252341    60.5543772
 0000000410    5.19252402    5.19252402    60.5543762
 0000000411    5.19252472    5.19252472    60.5543757
 0000000412    5.19252526    5.19252526    60.5543755
 0000000413    5.19252546    5.19252546    60.5543754
 0000000414    5.19252526    5.19252526    60.5543755
 0000000415    5.19252472    5.19252472    60.5543757
 0000000416    5.19252402    5.19252402    60.5543762
 0000000417    5.19252341    5.19252341    60.5543772
 0000000418    5.19252316    5.19252316    60.5543779
 0000000419    4.99247019    4.99247019    60.5571997
 0000000420    4.99247064    4.99247064    60.5571942
 0000000421    4.99247171    4.99247171    60.5571880
 0000000422    4.99247289    4.99247289    60.5571848
 0000000423    4.99247376    4.99247376    60.5571837
 0000000424    4.99247408    4.99247408    60.5571835
 0000000425    4.99247376    4.99247376    60.5571837
 0000000426    4.99247289    4.99247289    60.5571848
 0000000427    4.99247171    4.99247171    60.5571880
 0000000428    4.99247064    4.99247064    60.5571942
 0000000429    4.99247019    4.99247019    60.5571997
 0000000430    4.79288542    4.79288542    60.5576121
 0000000431    4.79288628    4.79288628    60.5575732
 0000000432    4.79288815    4.79288815    60.5575359
 0000000433    4.79289007    4.79289007    60.5575188
 0000000434    4.79289141    4.79289141    60.5575132
 0000000435    4.79289188    4.79289188    60.5575120
 0000000436    4.79289141    4.79289141    60.5575132
 0000000437    4.79289007    4.79289007    60.5575188
 0000000438    4.79288815    4.79288815    60.5575359
 0000000439    4.79288628    4.79288628    60.5575732
 0000000440    4.79288542    4.79288542    60.5576121
 0000000441    4.59376046    4.59376046    60.5588613
 0000000442    4.59376219    4.59376219    60.5586060
 0000000443    4.59376543    4.59376543    60.5583976
 0000000444    4.59376838    4.59376838    60.5583129
 0000000445    4.59377028    4.59377028    60.5582876
 0000000446    4.59377092    4.59377092    60.5582826
 0000000447    4.59377028    4.59377028    60.5582876
 0000000448    4.59376838    4.59376838    60.5583129
 0000000449    4.59376543    4.59376543    60.5583976
 0000000450    4.59376219    4.59376219    60.5586060
 0000000451    4.59376046    4.59376046    60.5588613
 0000000452    4.39513729    4.39513729    60.5693342
 0000000453    4.39514083    4.39514083    60.5678060
 0000000454    4.39514608    4.39514608    60.5667713
 0000000455    4.39515012    4.39515012    60.5664040
 0000000456    4.39515244    4.39515244    60.5663060
 0000000457    4.39515318    4.39515318    60.5662880
 0000000458    4.39515244    4.39515244    60.5663060
 0000000459    4.39515012    4.39515012    60.5664040
 0000000460    4.39514608    4.39514608    60.5667713
 0000000461    4.39514083    4.39514083    60.5678060
 0000000462    4.39513729    4.39513729    60.5693342
 0000000463    4.19712651    4.19712651    60.6271291
 0000000464    4.19713254    4.19713254    60.6193348
 0000000465    4.19713911    4.19713911    60.6150758
 0000000466    4.19714314    4.19714314    60.6137722
 0000000467    4.19714512    4.19714512    60.6134616
 0000000468    4.19714571    4.19714571    60.6134087
 0000000469    4.19714512    4.19714512    60.6134616
 0000000470    4.19714314    4.19714314    60.6137722
 0000000471    4.19713911    4.19713911    60.6150758
 0000000472    4.19713254    4.19713254    60.6193348
 0000000473    4.19712651    4.19712651    60.6271291
 0000000474    4.00000000    4.00000000    60.8912429
 0000000475    4.00000000    4.00000000    60.8624744
 0000000476    4.00000000    4.00000000    60.8499460
 0000000477    4.00000000    4.00000000    60.8466016
 0000000478    4.00000000    4.00000000    60.8458754
 0000000479    4.00000000    4.00000000    60.8457587
 0000000480    4.00000000    4.00000000    60.8458754
 0000000481    4.00000000    4.00000000    60.8466016
 0000000482    4.00000000    4.00000000    60.8499460
 0000000483    4.00000000    4.00000000    60.8624744
 0000000484    4.00000000    4.00000000    60.8912429
 0000000485    6.00000000    6.00000000    60.0786643
 0000000486    6.00000000    6.00000000    60.0786643
 0000000487    6.00000000    6.00000000    60.0786643
 0000000488    6.00000000    6.00000000    60.0786643
 0000000489    6.00000000    6.00000000    60.0786643
 0000000490    6.00000000    6.00000000    60.0786643
 0000000491    6.00000000    6.00000000    60.0786643
 0000000492    6.00000000    6.00000000    60.0786643
 0000000493    6.00000000    6.00000000    60.0786643
 0000000494    6.00000000    6.00000000    60.0786643
 0000000495    6.00000000    6.00000000    60.0786643
 0000000496    5.55682222    5.55682222    60.1004320
 0000000497    5.55682223    5.55682223    60.1004320
 0000000498    5.55682225    5.55682225    60.1004320
 0000000499    5.55682227    5.55682227    60.1004320
 0000000500    5.55682229    5.55682229    60.1004320
 0000000501    5.55682230    5.55682230    60.1004320
 0000000502    5.55682229    5.55682229    60.1004320
 0000000503    5.55682227    5.55682227    60.1004320
 0000000504    5.55682225    5.55682225    60.1004320
 0000000505    5.55682223    5.55682223    60.1004320
 0000000506    5.55682222    5.55682222    60.1004320
 0000000507    5.37100320    5.37100320    60.1146442
 0000000508    5.37100320    5.37100320    60.1146442
 0000000509    5.37100323    5.37100323    60.1146441
 0000000510    5.37100328    5.37100328    60.1146441
 0000000511    5.37100331    5.37100331    60.1146441
 0000000512    5.37100333    5.37100333    60.1146441
 0000000513    5.37100331    5.37100331    60.1146441
 0000000514    5.37100328    5.37100328    60.1146441
 0000000515    5.37100323    5.37100323    60.1146441
 0000000516    5.37100320    5.37100320    60.1146442
 0000000517    5.37100320    5.37100320    60.1146442
 0000000518    5.26570191    5.26570191    60.1203915
 0000000519    5.26570189    5.26570189    60.1203914
 0000000520    5.26570188    5.26570188    60.1203913
 0000000521    5.26570192    5.26570192    60.1203913
 0000000522    5.26570196    5.26570196    60.1203913
 0000000523    5.26570198    5.26570198    60.1203913
 0000000524    5.26570196    5.26570196    60.1203913
 0000000525    5.26570192    5.26570192    60.1203913
 0000000526    5.26570188    5.26570188    60.1203913
 0000000527    5.26570189    5.26570189    60.1203914
 0000000528    5.26570191    5.26570191    60.1203915
 0000000529    5.17336258    5.17336258    60.1217598
 0000000530    5.17336231    5.17336231    60.1217595
 0000000531    5.17336197    5.17336197    60.1217591
 0000000532    5.17336181    5.17336181    60.1217588
 0000000533    5.17336180    5.17336180    60.1217587
 0000000534    5.17336180    5.17336180    60.1217587
 0000000535    5.17336180    5.17336180    60.1217587
 0000000536    5.17336181    5.17336181    60.1217588
 0000000537    5.17336197    5.17336197    60.1217591
 0000000538    5.17336231    5.17336231    60.1217595
 0000000539    5.17336258    5.17336258    60.1217598
 0000000540    5.08227903    5.08227903    60.1213701
 0000000541    5.08227722    5.08227722    60.1213683
 0000000542    5.08227488    5.08227488    60.1213659
 0000000543    5.08227357    5.08227357    60.1213645
 0000000544    5.08227312    5.08227312    60.1213640
 0000000545    5.08227302    5.08227302    60.1213638
 0000000546    5.08227312    5.08227312    60.1213640
 0000000547    5.08227357    5.08227357    60.1213645
 0000000548    5.08227488    5.08227488    60.1213659
 0000000549    5.08227722    5.08227722    60.1213683
 0000000550    5.08227903    5.08227903    60.1213701
 0000000551    4.99112905    4.99112905    60.1204980
 0000000552    4.99111883    4.99111883    60.1204868
 0000000553    4.99110642    4.99110642    60.1204741
 0000000554    4.99109969    4.99109969    60.1204675
 0000000555    4.99109721    4.99109721    60.1204651
 0000000556    4.99109665    4.99109665    60.1204645
 0000000557    4.99109721    4.99109721    60.1204651
 0000000558    4.99109969    4.99109969    60.1204675
 0000000559    4.99110642    4.99110642    60.1204741
 0000000560    4.99111883    4.99111883    60.1204868
 0000000561    4.99112905    4.99112905    60.1204980
 0000000562    4.89830604    4.89830604    60.1200648
 0000000563    4.89825486    4.89825486    60.1200025
 0000000564    4.89819866    4.89819866    60.1199410
 0000000565    4.89817025    4.89817025    60.1199121
 0000000566    4.89816021    4.89816021    60.1199023
 0000000567    4.89815800    4.89815800    60.1199002
 0000000568    4.89816021    4.89816021    60.1199023
 0000000569    4.89817025    4.89817025    60.1199121
 0000000570    4.89819866    4.89819866    60.1199410
 0000000571    4.89825486    4.89825486    60.1200025
 0000000572    4.89830604    4.89830604    60.1200648
 0000000573    4.79088832    4.79088832    60.1222930
 0000000574    4.79067198    4.79067198    60.1219852
 0000000575    4.79046094    4.79046094    60.1217249
 0000000576    4.79036325    4.79036325    60.1216155
 0000000577    4.79033101    4.79033101    60.1215819
 0000000578    4.79032418    4.79032418    60.1215751
 0000000579    4.79033101    4.79033101    60.1215819
 0000000580    4.79036325    4.79036325    60.1216155
 0000000581    4.79046094    4.79046094    60.1217249
 0000000582    4.79067198    4.79067198    60.1219852
 0000000583    4.79088832    4.79088832    60.1222930
 0000000584    4.59151001    4.59151001    60.1345606
 0000000585    4.59086179    4.59086179    60.1333102
 0000000586    4.59030589    4.59030589    60.1324191
 0000000587    4.59007187    4.59007187    60.1320879
 0000000588    4.59000025    4.59000025    60.1319955
 0000000589    4.58998582    4.58998582    60.1319780
 0000000590    4.59000025    4.59000025    60.1319955
 0000000591    4.59007187    4.59007187    60.1320879
 0000000592    4.59030589    4.59030589    60.1324191
 0000000593    4.59086179    4.59086179    60.1333102
 0000000594    4.59151001    4.59151001    60.1345606
 0000000595    4.00000000    4.00000000    60.1692566
 0000000596    4.00000000    4.00000000    60.1658433
 0000000597    4.00000000    4.00000000    60.1638068
 0000000598    4.00000000    4.00000000    60.1631326
 0000000599    4.00000000    4.00000000    60.1629599
 0000000600    4.00000000    4.00000000    60.1629288
 0000000601    4.00000000    4.00000000    60.1629599
 0000000602    4.00000000    4.00000000    60.1631326
 0000000603    4.00000000    4.00000000    60.1638068
 0000000604    4.00000000    4.00000000    60.1658433
 0000000605    4.00000000    4.00000000    60.1692566
 0000000606    6.00000000    6.00000000    60.0174461
 0000000607    6.00000000    6.00000000    60.0174461
 0000000608    6.00000000    6.00000000    60.0174461
 0000000609    6.00000000    6.00000000    60.0174461
 0000000610    6.00000000    6.00000000    60.0174461
 0000000611    6.00000000    6.00000000    60.0174461
 0000000612    6.00000000    6.00000000    60.0174461
 0000000613    6.00000000    6.00000000    60.0174461
 0000000614    6.00000000    6.00000000    60.0174461
 0000000615    6.00000000    6.00000000    60.0174461
 0000000616    6.00000000    6.00000000    60.0174461
 0000000617    5.36461834    5.36461834    60.0197156
 0000000618    5.36461835    5.36461835    60.0197156
 0000000619    5.36461835    5.36461835    60.0197156
 0000000620    5.36461835    5.36461835    60.0197156
 0000000621    5.36461835    5.36461835    60.0197156
 0000000622    5.36461835    5.36461835    60.0197156
 0000000623    5.36461835    5.36461835    60.0197156
 0000000624    5.36461835    5.36461835    60.0197156
 0000000625    5.36461835    5.36461835    60.0197156
 0000000626    5.36461835    5.36461835    60.0197156
 0000000627    5.36461834    5.36461834    60.0197156
 0000000628    5.16186337    5.16186337    60.0194616
 0000000629    5.16186337    5.16186337    60.0194616
 0000000630    5.16186337    5.16186337    60.0194616
 0000000631    5.16186337    5.16186337    60.0194616
 0000000632    5.16186337    5.16186337    60.0194616
 0000000633    5.16186337    5.16186337    60.0194616
 0000000634    5.16186337    5.16186337    60.0194616
 0000000635    5.16186337    5.16186337    60.0194616
 0000000636    5.16186337    5.16186337    60.0194616
 0000000637    5.16186337    5.16186337    60.0194616
 0000000638    5.16186337    5.16186337    60.0194616
 0000000639    5.09467816    5.09467816    60.0171914
 0000000640    5.09467814    5.09467814    60.0171914
 0000000641    5.09467810    5.09467810    60.0171914
 0000000642    5.09467808    5.09467808    60.0171913
 0000000643    5.09467807    5.09467807    60.0171913
 0000000644    5.09467807    5.09467807    60.0171913
 0000000645    5.09467807    5.09467807    60.0171913
 0000000646    5.09467808    5.09467808    60.0171913
 0000000647    5.09467810    5.09467810    60.0171914
 0000000648    5.09467814    5.09467814    60.0171914
 0000000649    5.09467816    5.09467816    60.0171914
 0000000650    5.05253119    5.05253119    60.0139268
 0000000651    5.05253105    5.05253105    60.0139267
 0000000652    5.05253082    5.05253082    60.0139265
 0000000653    5.05253066    5.05253066    60.0139264
 0000000654    5.05253060    5.05253060    60.0139264
 0000000655    5.05253058    5.05253058    60.0139264
 0000000656    5.05253060    5.05253060    60.0139264
 0000000657    5.05253066    5.05253066    60.0139264
 0000000658    5.05253082    5.05253082    60.0139265
 0000000659    5.05253105    5.05253105    60.0139267
 0000000660    5.05253119    5.05253119    60.0139268
 0000000661    5.01400176    5.01400176    60.0104619
 0000000662    5.01400095    5.01400095    60.0104614
 0000000663    5.01399977    5.01399977    60.0104607
 0000000664    5.01399901    5.01399901    60.0104602
 0000000665    5.01399868    5.01399868    60.0104600
 0000000666    5.01399860    5.01399860    60.0104600
 0000000667    5.01399868    5.01399868    60.0104600
 0000000668    5.01399901    5.01399901    60.0104602
 0000000669    5.01399977    5.01399977    60.0104607
 0000000670    5.01400095    5.01400095    60.0104614
 0000000671    5.01400176    5.01400176    60.0104619
 0000000672    4.97580796    4.97580796    60.0072603
 0000000673    4.97580397    4.97580397    60.0072576
 0000000674    4.97579855    4.97579855    60.0072541
 0000000675    4.97579527    4.97579527    60.0072521
 0000000676    4.97579391    4.97579391    60.0072513
 0000000677    4.97579358    4.97579358    60.0072511
 0000000678    4.97579391    4.97579391    60.0072513
 0000000679    4.97579527    4.97579527    60.0072521
 0000000680    4.97579855    4.97579855    60.0072541
 0000000681    4.97580397    4.97580397    60.0072576
 0000000682    4.97580796    4.97580796    60.0072603
 0000000683    4.93441673    4.93441673    60.0045809
 0000000684    4.93439911    4.93439911    60.0045679
 0000000685    4.93437726    4.93437726    60.0045530
 0000000686    4.93436500    4.93436500    60.0045450
 0000000687    4.93436023    4.93436023    60.0045421
 0000000688    4.93435909    4.93435909    60.0045414
 0000000689    4.93436023    4.93436023    60.0045421
 0000000690    4.93436500    4.93436500    60.0045450
 0000000691    4.93437726    4.93437726    60.0045530
 0000000692    4.93439911    4.93439911    60.0045679
 0000000693    4.93441673    4.93441673    60.0045809
 0000000694    4.86772112    4.86772112    60.0028023
 0000000695    4.86765616    4.86765616    60.0027476
 0000000696    4.86758348    4.86758348    60.0026923
 0000000697    4.86754590    4.86754590    60.0026656
 0000000698    4.86753223    4.86753223    60.0026564
 0000000699    4.86752912    4.86752912    60.0026544
 0000000700    4.86753223    4.86753223    60.0026564
 0000000701    4.86754590    4.86754590    60.0026656
 0000000702    4.86758348    4.86758348    60.0026923
 0000000703    4.86765616    4.86765616    60.0027476
 0000000704    4.86772112    4.86772112    60.0028023
 0000000705    4.66280223    4.66280223    60.0031325
 0000000706    4.66263736    4.66263736    60.0029477
 0000000707    4.66247196    4.66247196    60.0027849
 0000000708    4.66239327    4.66239327    60.0027141
 0000000709    4.66236652    4.66236652    60.0026916
 0000000710    4.66236071    4.66236071    60.0026869
 0000000711    4.66236652    4.66236652    60.0026916
 0000000712    4.66239327    4.66239327    60.0027141
 0000000713    4.66247196    4.66247196    60.0027849
 0000000714    4.66263736    4.66263736    60.0029477
 0000000715    4.66280223    4.66280223    60.0031325
 0000000716    4.00000000    4.00000000    60.0074359
 0000000717    4.00000000    4.00000000    60.0070276
 0000000718    4.00000000    4.00000000    60.0067147
 0000000719    4.00000000    4.00000000    60.0065905
 0000000720    4.00000000    4.00000000    60.0065538
 0000000721    4.00000000    4.00000000    60.0065464
 0000000722    4.00000000    4.00000000    60.0065538
 0000000723    4.00000000    4.00000000    60.0065905
 0000000724    4.00000000    4.00000000    60.0067147
 0000000725    4.00000000    4.00000000    60.0070276
 0000000726    4.00000000    4.00000000    60.0074359
 0000000727    6.00000000    6.00000000    59.9971141
 0000000728    6.00000000    6.00000000    59.9971141
 0000000729    6.00000000    6.00000000    59.9971141
 0000000730    6.00000000    6.00000000    59.9971141
 0000000731    6.00000000    6.00000000    59.9971141
 0000000732    6.00000000    6.00000000    59.9971141
 0000000733    6.00000000    6.00000000    59.9971141
 0000000734    6.00000000    6.00000000    59.9971141
 0000000735    6.00000000    6.00000000    59.9971141
 0000000736    6.00000000    6.00000000    59.9971141
 0000000737    6.00000000    6.00000000    59.9971141
 0000000738    5.49433332    5.49433332    59.9927489
 0000000739    5.49433332    5.49433332    59.9927489
 0000000740    5.49433332    5.49433332    59.9927489
 0000000741    5.49433332    5.49433332    59.9927489
 0000000742    5.49433332    5.49433332    59.9927489
 0000000743    5.49433332    5.49433332    59.9927489
 0000000744    5.49433332    5.49433332    59.9927489
 0000000745    5.49433332    5.49433332    59.9927489
 0000000746    5.49433332    5.49433332    59.9927489
 0000000747    5.49433332    5.49433332    59.9927489
 0000000748    5.49433332    5.49433332    59.9927489
 0000000749    5.28675152    5.28675152    59.9804188
 0000000750    5.28675152    5.28675152    59.9804188
 0000000751    5.28675152    5.28675152    59.9804188
 0000000752    5.28675152    5.28675152    59.9804188
 0000000753    5.28675152    5.28675152    59.9804188
 0000000754    5.28675152    5.28675152    59.9804188
 0000000755    5.28675152    5.28675152    59.9804188
 0000000756    5.28675152    5.28675152    59.9804188
 0000000757    5.28675152    5.28675152    59.9804188
 0000000758    5.28675152    5.28675152    59.9804188
 0000000759    5.28675152    5.28675152    59.9804188
 0000000760    5.16610690    5.16610690    59.9637575
 0000000761    5.16610690    5.16610690    59.9637575
 0000000762    5.16610688    5.16610688    59.9637575
 0000000763    5.16610687    5.16610687    59.9637575
 0000000764    5.16610687    5.16610687    59.9637575
 0000000765    5.16610687    5.16610687    59.9637575
 0000000766    5.16610687    5.16610687    59.9637575
 0000000767    5.16610687    5.16610687    59.9637575
 0000000768    5.16610688    5.16610688    59.9637575
 0000000769    5.16610690    5.16610690    59.9637575
 0000000770    5.16610690    5.16610690    59.9637575
 0000000771    5.06057298    5.06057298    59.9457853
 0000000772    5.06057294    5.06057294    59.9457853
 0000000773    5.06057287    5.06057287    59.9457853
 0000000774    5.06057282    5.06057282    59.9457852
 0000000775    5.06057280    5.06057280    59.9457852
 0000000776    5.06057279    5.06057279    59.9457852
 0000000777    5.06057280    5.06057280    59.9457852
 0000000778    5.06057282    5.06057282    59.9457852
 0000000779    5.06057287    5.06057287    59.9457853
 0000000780    5.06057294    5.06057294    59.9457853
 0000000781    5.06057298    5.06057298    59.9457853
 0000000782    4.95759866    4.95759866    59.9286441
 0000000783    4.95759847    4.95759847    59.9286440
 0000000784    4.95759815    4.95759815    59.9286438
 0000000785    4.95759794    4.95759794    59.9286437
 0000000786    4.95759784    4.95759784    59.9286436
 0000000787    4.95759781    4.95759781    59.9286436
 0000000788    4.95759784    4.95759784    59.9286436
 0000000789    4.95759794    4.95759794    59.9286437
 0000000790    4.95759815    4.95759815    59.9286438
 0000000791    4.95759847    4.95759847    59.9286440
 0000000792    4.95759866    4.95759866    59.9286441
 0000000793    4.85573187    4.85573187    59.9135262
 0000000794    4.85573098    4.85573098    59.9135256
 0000000795    4.85572965    4.85572965    59.9135248
 0000000796    4.85572880    4.85572880    59.9135243
 0000000797    4.85572842    4.85572842    59.9135241
 0000000798    4.85572832    4.85572832    59.9135240
 0000000799    4.85572842    4.85572842    59.9135241
 0000000800    4.85572880    4.85572880    59.9135243
 0000000801    4.85572965    4.85572965    59.9135248
 0000000802    4.85573098    4.85573098    59.9135256
 0000000803    4.85573187    4.85573187    59.9135262
 0000000804    4.75306778    4.75306778    59.9008706
 0000000805    4.75306418    4.75306418    59.9008682
 0000000806    4.75305927    4.75305927    59.9008650
 0000000807    4.75305630    4.75305630    59.9008631
 0000000808    4.75305506    4.75305506    59.9008624
 0000000809    4.75305475    4.75305475    59.9008622
 0000000810    4.75305506    4.75305506    59.9008624
 0000000811    4.75305630    4.75305630    59.9008631
 0000000812    4.75305927    4.75305927    59.9008650
 0000000813    4.75306418    4.75306418    59.9008682
 0000000814    4.75306778    4.75306778    59.9008706
 0000000815    4.63633216    4.63633216    59.8908061
 0000000816    4.63632015    4.63632015    59.8907972
 0000000817    4.63630520    4.63630520    59.8907867
 0000000818    4.63629678    4.63629678    59.8907811
 0000000819    4.63629347    4.63629347    59.8907789
 0000000820    4.63629268    4.63629268    59.8907784
 0000000821    4.63629347    4.63629347    59.8907789
 0000000822    4.63629678    4.63629678    59.8907811
 0000000823    4.63630520    4.63630520    59.8907867
 0000000824    4.63632015    4.63632015    59.8907972
 0000000825    4.63633216    4.63633216    59.8908061
 0000000826    4.43775175    4.43775175    59.8843370
 0000000827    4.43772453    4.43772453    59.8843110
 0000000828    4.43769363    4.43769363    59.8842838
 0000000829    4.43767740    4.43767740    59.8842703
 0000000830    4.43767140    4.43767140    59.8842655
 0000000831    4.43767002    4.43767002    59.8842644
 0000000832    4.43767140    4.43767140    59.8842655
 0000000833    4.43767740    4.43767740    59.8842703
 0000000834    4.43769363    4.43769363    59.8842838
 0000000835    4.43772453    4.43772453    59.8843110
 0000000836    4.43775175    4.43775175    59.8843370
 0000000837    4.00000000    4.00000000    59.8860016
 0000000838    4.00000000    4.00000000    59.8859524
 0000000839    4.00000000    4.00000000    59.8859063
 0000000840    4.00000000    4.00000000    59.8858850
 0000000841    4.00000000    4.00000000    59.8858778
 0000000842    4.00000000    4.00000000    59.8858763
 0000000843    4.00000000    4.00000000    59.8858778
 0000000844    4.00000000    4.00000000    59.8858850
 0000000845    4.00000000    4.00000000    59.8859063
 0000000846    4.00000000    4.00000000    59.8859524
 0000000847    4.00000000    4.00000000    59.8860016
 0000000848    6.00000000    6.00000000    59.9874652
 0000000849    6.00000000    6.00000000    59.9874652
 0000000850    6.00000000    6.00000000    59.9874652
 0000000851    6.00000000    6.00000000    59.9874652
 0000000852    6.00000000    6.00000000    59.9874652
 0000000853    6.00000000    6.00000000    59.9874652
 0000000854    6.00000000    6.00000000    59.9874652
 0000000855    6.00000000    6.00000000    59.9874652
 0000000856    6.00000000    6.00000000    59.9874652
 0000000857    6.00000000    6.00000000    59.9874652
 0000000858    6.00000000    6.00000000    59.9874652
 0000000859    5.80533051    5.80533051    59.9600242
 0000000860    5.80533051    5.80533051    59.9600242
 0000000861    5.80533051    5.80533051    59.9600242
 0000000862    5.80533051    5.80533051    59.9600242
 0000000863    5.80533051    5.80533051    59.9600242
 0000000864    5.80533051    5.80533051    59.9600242
 0000000865    5.80533051    5.80533051    59.9600242
 0000000866    5.80533051    5.80533051    59.9600242
 0000000867    5.80533051    5.80533051    59.9600242
 0000000868    5.80533051    5.80533051    59.9600242
 0000000869    5.80533051    5.80533051    59.9600242
 0000000870    5.60952803    5.60952803    59.8991206
 0000000871    5.60952803    5.60952803    59.8991206
 0000000872    5.60952803    5.60952803    59.8991206
 0000000873    5.60952803    5.60952803    59.8991206
 0000000874    5.60952803    5.60952803    59.8991206
 0000000875    5.60952803    5.60952803    59.8991206
 0000000876    5.60952803    5.60952803    59.8991206
 0000000877    5.60952803    5.60952803    59.8991206
 0000000878    5.60952803    5.60952803    59.8991206
 0000000879    5.60952803    5.60952803    59.8991206
 0000000880    5.60952803    5.60952803    59.8991206
 0000000881    5.41245628    5.41245628    59.8189412
 0000000882    5.41245628    5.41245628    59.8189412
 0000000883    5.41245628    5.41245628    59.8189412
 0000000884    5.41245629    5.41245629    59.8189412
 0000000885    5.41245629    5.41245629    59.8189412
 0000000886    5.41245629    5.41245629    59.8189412
 0000000887    5.41245629    5.41245629    59.8189412
 0000000888    5.41245629    5.41245629    59.8189412
 0000000889    5.41245628    5.41245628    59.8189412
 0000000890    5.41245628    5.41245628    59.8189412
 0000000891    5.41245628    5.41245628    59.8189412
 0000000892    5.21407492    5.21407492    59.7329044
 0000000893    5.21407492    5.21407492    59.7329044
 0000000894    5.21407492    5.21407492    59.7329044
 0000000895    5.21407492    5.21407492    59.7329044
 0000000896    5.21407492    5.21407492    59.7329044
 0000000897    5.21407492    5.21407492    59.7329044
 0000000898    5.21407492    5.21407492    59.7329044
 0000000899    5.21407492    5.21407492    59.7329044
 0000000900    5.21407492    5.21407492    59.7329044
 0000000901    5.21407492    5.21407492    59.7329044
 0000000902    5.21407492    5.21407492    59.7329044
 0000000903    5.01442232    5.01442232    59.6507558
 0000000904    5.01442232    5.01442232    59.6507558
 0000000905    5.01442232    5.01442232    59.6507557
 0000000906    5.01442232    5.01442232    59.6507557
 0000000907    5.01442232    5.01442232    59.6507557
 0000000908    5.01442232    5.01442232    59.6507557
 0000000909    5.01442232    5.01442232    59.6507557
 0000000910    5.01442232    5.01442232    59.6507557
 0000000911    5.01442232    5.01442232    59.6507557
 0000000912    5.01442232    5.01442232    59.6507558
 0000000913    5.01442232    5.01442232    59.6507558
 0000000914    4.81358308    4.81358308    59.5780929
 0000000915    4.81358308    4.81358308    59.5780928
 0000000916    4.81358308    4.81358308    59.5780928
 0000000917    4.81358308    4.81358308    59.5780927
 0000000918    4.81358308    4.81358308    59.5780927
 0000000919    4.81358308    4.81358308    59.5780927
 0000000920    4.81358308    4.81358308    59.5780927
 0000000921    4.81358308    4.81358308    59.5780927
 0000000922    4.81358308    4.81358308    59.5780928
 0000000923    4.81358308    4.81358308    59.5780928
 0000000924    4.81358308    4.81358308    59.5780929
 0000000925    4.61165514    4.61165514    59.5170919
 0000000926    4.61165514    4.61165514    59.5170917
 0000000927    4.61165514    4.61165514    59.5170914
 0000000928    4.61165514    4.61165514    59.5170912
 0000000929    4.61165514    4.61165514    59.5170912
 0000000930    4.61165514    4.61165514    59.5170911
 0000000931    4.61165514    4.61165514    59.5170912
 0000000932    4.61165514    4.61165514    59.5170912
 0000000933    4.61165514    4.61165514    59.5170914
 0000000934    4.61165514    4.61165514    59.5170917
 0000000935    4.61165514    4.61165514    59.5170919
 0000000936    4.40872260    4.40872260    59.4678316
 0000000937    4.40872260    4.40872260    59.4678308
 0000000938    4.40872260    4.40872260    59.4678299
 0000000939    4.40872260    4.40872260    59.4678294
 0000000940    4.40872261    4.40872261    59.4678291
 0000000941    4.40872261    4.40872261    59.4678291
 0000000942    4.40872261    4.40872261    59.4678291
 0000000943    4.40872260    4.40872260    59.4678294
 0000000944    4.40872260    4.40872260    59.4678299
 0000000945    4.40872260    4.40872260    59.4678308
 0000000946    4.40872260    4.40872260    59.4678316
 0000000947    4.20483540    4.20483540    59.4316831
 0000000948    4.20483540    4.20483540    59.4316811
 0000000949    4.20483540    4.20483540    59.4316786
 0000000950    4.20483541    4.20483541    59.4316773
 0000000951    4.20483541    4.20483541    59.4316768
 0000000952    4.20483541    4.20483541    59.4316767
 0000000953    4.20483541    4.20483541    59.4316768
 0000000954    4.20483541    4.20483541    59.4316773
 0000000955    4.20483540    4.20483540    59.4316786
 0000000956    4.20483540    4.20483540    59.4316811
 0000000957    4.20483540    4.20483540    59.4316831
 0000000958    4.00000000    4.00000000    59.4371380
 0000000959    4.00000000    4.00000000    59.4371343
 0000000960    4.00000000    4.00000000    59.4371306
 0000000961    4.00000000    4.00000000    59.4371287
 0000000962    4.00000000    4.00000000    59.4371280
 0000000963    4.00000000    4.00000000    59.4371278
 0000000964    4.00000000    4.00000000    59.4371280
 0000000965    4.00000000    4.00000000    59.4371287
 0000000966    4.00000000    4.00000000    59.4371306
 0000000967    4.00000000    4.00000000    59.4371343
 0000000968    4.00000000    4.00000000    59.4371380
 0000000969    6.00000000    6.00000000    59.8350105
 0000000970    6.00000000    6.00000000    59.8350105
 0000000971    6.00000000    6.00000000    59.8350105
 0000000972    6.00000000    6.00000000    59.8350105
 0000000973    6.00000000    6.00000000    59.8350105
 0000000974    6.00000000    6.00000000    59.8350105
 0000000975    6.00000000    6.00000000    59.8350105
 0000000976    6.00000000    6.00000000    59.8350105
 0000000977    6.00000000    6.00000000    59.8350105
 0000000978    6.00000000    6.00000000    59.8350105
 0000000979    6.00000000    6.00000000    59.8350105
 0000000980    5.80625425    5.80625425    59.4194088
 0000000981    5.80625425    5.80625425    59.4194088
 0000000982    5.80625425    5.80625425    59.4194088
 0000000983    5.80625425    5.80625425    59.4194088
 0000000984    5.80625425    5.80625425    59.4194088
 0000000985    5.80625425    5.80625425    59.4194088
 0000000986    5.80625425    5.80625425    59.4194088
 0000000987    5.80625425    5.80625425    59.4194088
 0000000988    5.80625425    5.80625425    59.4194088
 0000000989    5.80625425    5.80625425    59.4194088
 0000000990    5.80625425    5.80625425    59.4194088
 0000000991    5.61092212    5.61092212    58.9352987
 0000000992    5.61092212    5.61092212    58.9352987
 0000000993    5.61092212    5.61092212    58.9352987
 0000000994    5.61092212    5.61092212    58.9352987
 0000000995    5.61092212    5.61092212    58.9352987
 0000000996    5.61092212    5.61092212    58.9352987
 0000000997    5.61092212    5.61092212    58.9352987
 0000000998    5.61092212    5.61092212    58.9352987
 0000000999    5.61092212    5.61092212    58.9352987
 0000001000    5.61092212    5.61092212    58.9352987
 0000001001    5.61092212    5.61092212    58.9352987
 0000001002    5.41374364    5.41374364    58.4665246
 0000001003    5.41374364    5.41374364    58.4665246
 0000001004    5.41374364    5.41374364    58.4665246
 0000001005    5.41374364    5.41374364    58.4665246
 0000001006    5.41374364    5.41374364    58.4665246
 0000001007    5.41374364    5.41374364    58.4665246
 0000001008    5.41374364    5.41374364    58.4665246
 0000001009    5.41374364    5.41374364    58.4665246
 0000001010    5.41374364    5.41374364    58.4665246
 0000001011    5.41374364    5.41374364    58.4665246
 0000001012    5.41374364    5.41374364    58.4665246
 0000001013    5.21482795    5.21482795    58.0574253
 0000001014    5.21482795    5.21482795    58.0574253
 0000001015    5.21482795    5.21482795    58.0574253
 0000001016    5.21482795    5.21482795    58.0574253
 0000001017    5.21482795    5.21482795    58.0574253
 0000001018    5.21482795    5.21482795    58.0574253
 0000001019    5.21482795    5.21482795    58.0574253
 0000001020    5.21482795    5.21482795    58.0574253
 0000001021    5.21482795    5.21482795    58.0574253
 0000001022    5.21482795    5.21482795    58.0574253
 0000001023    5.21482795    5.21482795    58.0574253
 0000001024    5.01444216    5.01444216    57.7239604
 0000001025    5.01444216    5.01444216    57.7239604
 0000001026    5.01444216    5.01444216    57.7239604
 0000001027    5.01444216    5.01444216    57.7239604
 0000001028    5.01444216    5.01444216    57.7239604
 0000001029    5.01444216    5.01444216    57.7239604
 0000001030    5.01444216    5.01444216    57.7239604
 0000001031    5.01444216    5.01444216    57.7239604
 0000001032    5.01444216    5.01444216    57.7239604
 0000001033    5.01444216    5.01444216    57.7239604
 0000001034    5.01444216    5.01444216    57.7239604
 0000001035    4.81289107    4.81289107    57.4647642
 0000001036    4.81289107    4.81289107    57.4647642
 0000001037    4.81289107    4.81289107    57.4647642
 0000001038    4.81289107    4.81289107    57.4647642
 0000001039    4.81289107    4.81289107    57.4647642
 0000001040    4.81289107    4.81289107    57.4647642
 0000001041    4.81289107    4.81289107    57.4647642
 0000001042    4.81289107    4.81289107    57.4647642
 0000001043    4.81289107    4.81289107    57.4647642
 0000001044    4.81289107    4.81289107    57.4647642
 0000001045    4.81289107    4.81289107    57.4647642
 0000001046    4.61045574    4.61045574    57.2695179
 0000001047    4.61045574    4.61045574    57.2695179
 0000001048    4.61045574    4.61045574    57.2695179
 0000001049    4.61045574    4.61045574    57.2695178
 0000001050    4.61045574    4.61045574    57.2695178
 0000001051    4.61045574    4.61045574    57.2695178
 0000001052    4.61045574    4.61045574    57.2695178
 0000001053    4.61045574    4.61045574    57.2695178
 0000001054    4.61045574    4.61045574    57.2695179
 0000001055    4.61045574    4.61045574    57.2695179
 0000001056    4.61045574    4.61045574    57.2695179
 0000001057    4.40737031    4.40737031    57.1254084
 0000001058    4.40737031    4.40737031    57.1254084
 0000001059    4.40737031    4.40737031    57.1254083
 0000001060    4.40737031    4.40737031    57.1254082
 0000001061    4.40737031    4.40737031    57.1254082
 0000001062    4.40737031    4.40737031    57.1254082
 0000001063    4.40737031    4.40737031    57.1254082
 0000001064    4.40737031    4.40737031    57.1254082
 0000001065    4.40737031    4.40737031    57.1254083
 0000001066    4.40737031    4.40737031    57.1254084
 0000001067    4.40737031    4.40737031    57.1254084
 0000001068    4.20382515    4.20382515    57.0248178
 0000001069    4.20382515    4.20382515    57.0248177
 0000001070    4.20382515    4.20382515    57.0248175
 0000001071    4.20382515    4.20382515    57.0248173
 0000001072    4.20382515    4.20382515    57.0248173
 0000001073    4.20382515    4.20382515    57.0248173
 0000001074    4.20382515    4.20382515    57.0248173
 0000001075    4.20382515    4.20382515    57.0248173
 0000001076    4.20382515    4.20382515    57.0248175
 0000001077    4.20382515    4.20382515    57.0248177
 0000001078    4.20382515    4.20382515    57.0248178
 0000001079    4.00000000    4.00000000    57.0139706
 0000001080    4.00000000    4.00000000    57.0139702
 0000001081    4.00000000    4.00000000    57.0139699
 0000001082    4.00000000    4.00000000    57.0139697
 0000001083    4.00000000    4.00000000    57.0139697
 0000001084    4.00000000    4.00000000    57.0139697
 0000001085    4.00000000    4.00000000    57.0139697
 0000001086    4.00000000    4.00000000    57.0139697
 0000001087    4.00000000    4.00000000    57.0139699
 0000001088    4.00000000    4.00000000    57.0139702
 0000001089    4.00000000    4.00000000    57.0139706
 0000001090    6.00000000    6.00000000    57.8890039
 0000001091    6.00000000    6.00000000    57.8890039
 0000001092    6.00000000    6.00000000    57.8890039
 0000001093    6.00000000    6.00000000    57.8890039
 0000001094    6.00000000    6.00000000    57.8890039
 0000001095    6.00000000    6.00000000    57.8890039
 0000001096    6.00000000    6.00000000    57.8890039
 0000001097    6.00000000    6.00000000    57.8890039
 0000001098    6.00000000    6.00000000    57.8890039
 0000001099    6.00000000    6.00000000    57.8890039
 0000001100    6.00000000    6.00000000    57.8890039
 0000001101    5.81206960    5.81206960    55.2904784
 0000001102    5.81206960    5.81206960    55.2904784
 0000001103    5.81206960    5.81206960    55.2904784
 0000001104    5.81206960    5.81206960    55.2904784
 0000001105    5.81206960    5.81206960    55.2904784
 0000001106    5.81206960    5.81206960    55.2904784
 0000001107    5.81206960    5.81206960    55.2904784
 0000001108    5.81206960    5.81206960    55.2904784
 0000001109    5.81206960    5.81206960    55.2904784
 0000001110    5.81206960    5.81206960    55.2904784
 0000001111    5.81206960    5.81206960    55.2904784
 0000001112    5.61811365    5.61811365    53.3249372
 0000001113    5.61811365    5.61811365    53.3249372
 0000001114    5.61811365    5.61811365    53.3249372
 0000001115    5.61811365    5.61811365    53.3249372
 0000001116    5.61811365    5.61811365    53.3249372
 0000001117    5.61811365    5.61811365    53.3249372
 0000001118    5.61811365    5.61811365    53.3249372
 0000001119    5.61811365    5.61811365    53.3249372
 0000001120    5.61811365    5.61811365    53.3249372
 0000001121    5.61811365    5.61811365    53.3249372
 0000001122    5.61811365    5.61811365    53.3249372
 0000001123    5.42015634    5.42015634    51.8775926
 0000001124    5.42015634    5.42015634    51.8775926
 0000001125    5.42015634    5.42015634    51.8775926
 0000001126    5.42015634    5.42015634    51.8775926
 0000001127    5.42015634    5.42015634    51.8775926
 0000001128    5.42015634    5.42015634    51.8775926
 0000001129    5.42015634    5.42015634    51.8775926
 0000001130    5.42015634    5.42015634    51.8775926
 0000001131    5.42015634    5.42015634    51.8775926
 0000001132    5.42015634    5.42015634    51.8775926
 0000001133    5.42015634    5.42015634    51.8775926
 0000001134    5.21961414    5.21961414    50.8420503
 0000001135    5.21961414    5.21961414    50.8420503
 0000001136    5.21961414    5.21961414    50.8420503
 0000001137    5.21961414    5.21961414    50.8420503
 0000001138    5.21961414    5.21961414    50.8420503
 0000001139    5.21961414    5.21961414    50.8420503
 0000001140    5.21961414    5.21961414    50.8420503
 0000001141    5.21961414    5.21961414    50.8420503
 0000001142    5.21961414    5.21961414    50.8420503
 0000001143    5.21961414    5.21961414    50.8420503
 0000001144    5.21961414    5.21961414    50.8420503
 0000001145    5.01748734    5.01748734    50.1202378
 0000001146    5.01748734    5.01748734    50.1202378
 0000001147    5.01748734    5.01748734    50.1202378
 0000001148    5.01748734    5.01748734    50.1202378
 0000001149    5.01748734    5.01748734    50.1202378
 0000001150    5.01748734    5.01748734    50.1202378
 0000001151    5.01748734    5.01748734    50.1202378
 0000001152    5.01748734    5.01748734    50.1202378
 0000001153    5.01748734    5.01748734    50.1202378
 0000001154    5.01748734    5.01748734    50.1202378
 0000001155    5.01748734    5.01748734    50.1202378
 0000001156    4.81446421    4.81446421    49.6272819
 0000001157    4.81446421    4.81446421    49.6272819
 0000001158    4.81446421    4.81446421    49.6272819
 0000001159    4.81446421    4.81446421    49.6272819
 0000001160    4.81446421    4.81446421    49.6272819
 0000001161    4.81446421    4.81446421    49.6272819
 0000001162    4.81446421    4.81446421    49.6272819
 0000001163    4.81446421    4.81446421    49.6272819
 0000001164    4.81446421    4.81446421    49.6272819
 0000001165    4.81446421    4.81446421    49.6272819
 0000001166    4.81446421    4.81446421    49.6272819
 0000001167    4.61099115    4.61099115    49.2910529
 0000001168    4.61099115    4.61099115    49.2910529
 0000001169    4.61099115    4.61099115    49.2910529
 0000001170    4.61099115    4.61099115    49.2910529
 0000001171    4.61099115    4.61099115    49.2910529
 0000001172    4.61099115    4.61099115    49.2910529
 0000001173    4.61099115    4.61099115    49.2910529
 0000001174    4.61099115    4.61099115    49.2910529
 0000001175    4.61099115    4.61099115    49.2910529
 0000001176    4.61099115    4.61099115    49.2910529
 0000001177    4.61099115    4.61099115    49.2910529
 0000001178    4.40734193    4.40734193    49.0594593
 0000001179    4.40734193    4.40734193    49.0594593
 0000001180    4.40734193    4.40734193    49.0594593
 0000001181    4.40734193    4.40734193    49.0594593
 0000001182    4.40734193    4.40734193    49.0594592
 0000001183    4.40734193    4.40734193    49.0594592
 0000001184    4.40734193    4.40734193    49.0594592
 0000001185    4.40734193    4.40734193    49.0594593
 0000001186    4.40734193    4.40734193    49.0594593
 0000001187    4.40734193    4.40734193    49.0594593
 0000001188    4.40734193    4.40734193    49.0594593
 0000001189    4.20366293    4.20366293    48.9026494
 0000001190    4.20366293    4.20366293    48.9026494
 0000001191    4.20366293    4.20366293    48.9026494
 0000001192    4.20366293    4.20366293    48.9026493
 0000001193    4.20366293    4.20366293    48.9026493
 0000001194    4.20366293    4.20366293    48.9026493
 0000001195    4.20366293    4.20366293    48.9026493
 0000001196    4.20366293    4.20366293    48.9026493
 0000001197    4.20366293    4.20366293    48.9026494
 0000001198    4.20366293    4.20366293    48.9026494
 0000001199    4.20366293    4.20366293    48.9026494
 0000001200    4.00000000    4.00000000    48.8739107
 0000001201    4.00000000    4.00000000    48.8739108
 0000001202    4.00000000    4.00000000    48.8739108
 0000001203    4.00000000    4.00000000    48.8739107
 0000001204    4.00000000    4.00000000    48.8739107
 0000001205    4.00000000    4.00000000    48.8739107
 0000001206    4.00000000    4.00000000    48.8739107
 0000001207    4.00000000    4.00000000    48.8739107
 0000001208    4.00000000    4.00000000    48.8739108
 0000001209    4.00000000    4.00000000    48.8739108
 0000001210    4.00000000    4.00000000    48.8739107
 0000001211    6.00000000    6.00000000    30.0000000
 0000001212    6.00000000    6.00000000    30.0000000
 0000001213    6.00000000    6.00000000    30.0000000
 0000001214    6.00000000    6.00000000    30.0000000
 0000001215    6.00000000    6.00000000    30.0000000
 0000001216    6.00000000    6.00000000    30.0000000
 0000001217    6.00000000    6.00000000    30.0000000
 0000001218    6.00000000    6.00000000    30.0000000
 0000001219    6.00000000    6.00000000    30.0000000
 0000001220    6.00000000    6.00000000    30.0000000
 0000001221    6.00000000    6.00000000    30.0000000
 0000001222    5.80245999    5.80245999    30.0000000
 0000001223    5.80245999    5.80245999    30.0000000
 0000001224    5.80245999    5.80245999    30.0000000
 0000001225    5.80245999    5.80245999    30.0000000
 0000001226    5.80245999    5.80245999    30.0000000
 0000001227    5.80245999    5.80245999    30.0000000
 0000001228    5.80245999    5.80245999    30.0000000
 0000001229    5.80245999    5.80245999    30.0000000
 0000001230    5.80245999    5.80245999    30.0000000
 0000001231    5.80245999    5.80245999    30.0000000
 0000001232    5.80245999    5.80245999    30.0000000
 0000001233    5.60492348    5.60492348    30.0000000
 0000001234    5.60492348    5.60492348    30.0000000
 0000001235    5.60492348    5.60492348    30.0000000
 0000001236    5.60492348    5.60492348    30.0000000
 0000001237    5.60492348    5.60492348    30.0000000
 0000001238    5.60492348    5.60492348    30.0000000
 0000001239    5.60492348    5.60492348    30.0000000
 0000001240    5.60492348    5.60492348    30.0000000
 0000001241    5.60492348    5.60492348    30.0000000
 0000001242    5.60492348    5.60492348    30.0000000
 0000001243    5.60492348    5.60492348    30.0000000
 0000001244    5.40631278    5.40631278    30.0000000
 0000001245    5.40631278    5.40631278    30.0000000
 0000001246    5.40631278    5.40631278    30.0000000
 0000001247    5.40631278    5.40631278    30.0000000
 0000001248    5.40631278    5.40631278    30.0000000
 0000001249    5.40631278    5.40631278    30.0000000
 0000001250    5.40631278    5.40631278    30.0000000
 0000001251    5.40631278    5.40631278    30.0000000
 0000001252    5.40631278    5.40631278    30.0000000
 0000001253    5.40631278    5.40631278    30.0000000
 0000001254    5.40631278    5.40631278    30.0000000
 0000001255    5.20645714    5.20645714    30.0000000
 0000001256    5.20645714    5.20645714    30.0000000
 0000001257    5.20645714    5.20645714    30.0000000
 0000001258    5.20645714    5.20645714    30.0000000
 0000001259    5.20645714    5.20645714    30.0000000
 0000001260    5.20645714    5.20645714    30.0000000
 0000001261    5.20645714    5.20645714    30.0000000
 0000001262    5.20645714    5.20645714    30.0000000
 0000001263    5.20645714    5.20645714    30.0000000
 0000001264    5.20645714    5.20645714    30.0000000
 0000001265    5.20645714    5.20645714    30.0000000
 0000001266    5.00557813    5.00557813    30.0000000
 0000001267    5.00557813    5.00557813    30.0000000
 0000001268    5.00557813    5.00557813    30.0000000
 0000001269    5.00557813    5.00557813    30.0000000
 0000001270    5.00557813    5.00557813    30.0000000
 0000001271    5.00557813    5.00557813    30.0000000
 0000001272    5.00557813    5.00557813    30.0000000
 0000001273    5.00557813    5.00557813    30.0000000
 0000001274    5.00557813    5.00557813    30.0000000
 0000001275    5.00557813    5.00557813    30.0000000
 0000001276    5.00557813    5.00557813    30.0000000
 0000001277    4.80404906    4.80404906    30.0000000
 0000001278    4.80404906    4.80404906    30.0000000
 0000001279    4.80404906    4.80404906    30.0000000
 0000001280    4.80404906    4.80404906    30.0000000
 0000001281    4.80404906    4.80404906    30.0000000
 0000001282    4.80404906    4.80404906    30.0000000
 0000001283    4.80404906    4.80404906    30.0000000
 0000001284    4.80404906    4.80404906    30.0000000
 0000001285    4.80404906    4.80404906    30.0000000
 0000001286    4.80404906    4.80404906    30.0000000
 0000001287    4.80404906    4.80404906    30.0000000
 0000001288    4.60230449    4.60230449    30.0000000
 0000001289    4.60230449    4.60230449    30.0000000
 0000001290    4.60230449    4.60230449    30.0000000
 0000001291    4.60230449    4.60230449    30.0000000
 0000001292    4.60230449    4.60230449    30.0000000
 0000001293    4.60230449    4.60230449    30.0000000
 0000001294    4.60230449    4.60230449    30.0000000
 0000001295    4.60230449    4.60230449    30.0000000
 0000001296    4.60230449    4.60230449    30.0000000
 0000001297    4.60230449    4.60230449    30.0000000
 0000001298    4.60230449    4.60230449    30.0000000
 0000001299    4.40074799    4.40074799    30.0000000
 0000001300    4.40074799    4.40074799    30.0000000
 0000001301    4.40074799    4.40074799    30.0000000
 0000001302    4.40074799    4.40074799    30.0000000
 0000001303    4.40074799    4.40074799    30.0000000
 0000001304    4.40074799    4.40074799    30.0000000
 0000001305    4.40074799    4.40074799    30.0000000
 0000001306    4.40074799    4.40074799    30.0000000
 0000001307    4.40074799    4.40074799    30.0000000
 0000001308    4.40074799    4.40074799    30.0000000
 0000001309    4.40074799    4.40074799    30.0000000
 0000001310    4.19979793    4.19979793    30.0000000
 0000001311    4.19979793    4.19979793    30.0000000
 0000001312    4.19979793    4.19979793    30.0000000
 0000001313    4.19979793    4.19979793    30.0000000
 0000001314    4.19979793    4.19979793    30.0000000
 0000001315    4.19979793    4.19979793    30.0000000
 0000001316    4.19979793    4.19979793    30.0000000
 0000001317    4.19979793    4.19979793    30.0000000
 0000001318    4.19979793    4.19979793    30.0000000
 0000001319    4.19979793    4.19979793    30.0000000
 0000001320    4.19979793    4.19979793    30.0000000
 0000001321    4.00000000    4.00000000    30.0000000
 0000001322    4.00000000    4.00000000    30.0000000
 0000001323    4.00000000    4.00000000    30.0000000
 0000001324    4.00000000    4.00000000    30.0000000
 0000001325    4.00000000    4.00000000    30.0000000
 0000001326    4.00000000    4.00000000    30.0000000
 0000001327    4.00000000    4.00000000    30.0000000
 0000001328    4.00000000    4.00000000    30.0000000
 0000001329    4.00000000    4.00000000    30.0000000
 0000001330    4.00000000    4.00000000    30.0000000
 0000001331    4.00000000    4.00000000    30.0000000
