TITLE = "FEHM V3.2.0lin 13-12-17 QA:NA  12/17/2013  15:11:35 # tut1_INPUT.dat"
FILETYPE = "SOLUTION"
VARIABLES = "node" "Liquid Pressure (MPa)" "Vapor Pressure (MPa)" "Temperature (<sup>o</sup>C)"
ZONE T ="Simulation time   2.50000000    days", N =     1331, E =     1000, DATAPACKING = POINT, ZONETYPE = FEBRICK, STRANDID = 0, SOLUTIONTIME =   2.50000000
 0000000001    6.00000000    6.00000000    80.0000000
 0000000002    6.00000000    6.00000000    80.0000000
 0000000003    6.00000000    6.00000000    80.0000000
 0000000004    6.00000000    6.00000000    80.0000000
 0000000005    6.00000000    6.00000000    80.0000000
 0000000006    6.00000000    6.00000000    80.0000000
 0000000007    6.00000000    6.00000000    80.0000000
 0000000008    6.00000000    6.00000000    80.0000000
 0000000009    6.00000000    6.00000000    80.0000000
 0000000010    6.00000000    6.00000000    80.0000000
 0000000011    6.00000000    6.00000000    80.0000000
 0000000012    5.80369654    5.80369654    80.0000000
 0000000013    5.80369654    5.80369654    80.0000000
 0000000014    5.80369654    5.80369654    80.0000000
 0000000015    5.80369654    5.80369654    80.0000000
 0000000016    5.80369654    5.80369654    80.0000000
 0000000017    5.80369654    5.80369654    80.0000000
 0000000018    5.80369654    5.80369654    80.0000000
 0000000019    5.80369654    5.80369654    80.0000000
 0000000020    5.80369654    5.80369654    80.0000000
 0000000021    5.80369654    5.80369654    80.0000000
 0000000022    5.80369654    5.80369654    80.0000000
 0000000023    5.60632834    5.60632834    80.0000000
 0000000024    5.60632834    5.60632834    80.0000000
 0000000025    5.60632834    5.60632834    80.0000000
 0000000026    5.60632834    5.60632834    80.0000000
 0000000027    5.60632834    5.60632834    80.0000000
 0000000028    5.60632834    5.60632834    80.0000000
 0000000029    5.60632834    5.60632834    80.0000000
 0000000030    5.60632834    5.60632834    80.0000000
 0000000031    5.60632834    5.60632834    80.0000000
 0000000032    5.60632834    5.60632834    80.0000000
 0000000033    5.60632834    5.60632834    80.0000000
 0000000034    5.40810546    5.40810546    80.0000000
 0000000035    5.40810546    5.40810546    80.0000000
 0000000036    5.40810546    5.40810546    80.0000000
 0000000037    5.40810546    5.40810546    80.0000000
 0000000038    5.40810546    5.40810546    80.0000000
 0000000039    5.40810546    5.40810546    80.0000000
 0000000040    5.40810546    5.40810546    80.0000000
 0000000041    5.40810546    5.40810546    80.0000000
 0000000042    5.40810546    5.40810546    80.0000000
 0000000043    5.40810546    5.40810546    80.0000000
 0000000044    5.40810546    5.40810546    80.0000000
 0000000045    5.20914688    5.20914688    80.0000000
 0000000046    5.20914688    5.20914688    80.0000000
 0000000047    5.20914688    5.20914688    80.0000000
 0000000048    5.20914688    5.20914688    80.0000000
 0000000049    5.20914688    5.20914688    80.0000000
 0000000050    5.20914688    5.20914688    80.0000000
 0000000051    5.20914688    5.20914688    80.0000000
 0000000052    5.20914688    5.20914688    80.0000000
 0000000053    5.20914688    5.20914688    80.0000000
 0000000054    5.20914688    5.20914688    80.0000000
 0000000055    5.20914688    5.20914688    80.0000000
 0000000056    5.00951491    5.00951491    80.0000000
 0000000057    5.00951491    5.00951491    80.0000000
 0000000058    5.00951491    5.00951491    80.0000000
 0000000059    5.00951491    5.00951491    80.0000000
 0000000060    5.00951491    5.00951491    80.0000000
 0000000061    5.00951491    5.00951491    80.0000000
 0000000062    5.00951491    5.00951491    80.0000000
 0000000063    5.00951491    5.00951491    80.0000000
 0000000064    5.00951491    5.00951491    80.0000000
 0000000065    5.00951491    5.00951491    80.0000000
 0000000066    5.00951491    5.00951491    80.0000000
 0000000067    4.80922470    4.80922470    80.0000000
 0000000068    4.80922470    4.80922470    80.0000000
 0000000069    4.80922470    4.80922470    80.0000000
 0000000070    4.80922470    4.80922470    80.0000000
 0000000071    4.80922470    4.80922470    80.0000000
 0000000072    4.80922470    4.80922470    80.0000000
 0000000073    4.80922470    4.80922470    80.0000000
 0000000074    4.80922470    4.80922470    80.0000000
 0000000075    4.80922470    4.80922470    80.0000000
 0000000076    4.80922470    4.80922470    80.0000000
 0000000077    4.80922470    4.80922470    80.0000000
 0000000078    4.60824519    4.60824519    80.0000000
 0000000079    4.60824519    4.60824519    80.0000000
 0000000080    4.60824519    4.60824519    80.0000000
 0000000081    4.60824519    4.60824519    80.0000000
 0000000082    4.60824519    4.60824519    80.0000000
 0000000083    4.60824519    4.60824519    80.0000000
 0000000084    4.60824519    4.60824519    80.0000000
 0000000085    4.60824519    4.60824519    80.0000000
 0000000086    4.60824519    4.60824519    80.0000000
 0000000087    4.60824519    4.60824519    80.0000000
 0000000088    4.60824519    4.60824519    80.0000000
 0000000089    4.40649386    4.40649386    80.0000000
 0000000090    4.40649386    4.40649386    80.0000000
 0000000091    4.40649386    4.40649386    80.0000000
 0000000092    4.40649386    4.40649386    80.0000000
 0000000093    4.40649386    4.40649386    80.0000000
 0000000094    4.40649386    4.40649386    80.0000000
 0000000095    4.40649386    4.40649386    80.0000000
 0000000096    4.40649386    4.40649386    80.0000000
 0000000097    4.40649386    4.40649386    80.0000000
 0000000098    4.40649386    4.40649386    80.0000000
 0000000099    4.40649386    4.40649386    80.0000000
 0000000100    4.20382396    4.20382396    80.0000000
 0000000101    4.20382396    4.20382396    80.0000000
 0000000102    4.20382396    4.20382396    80.0000000
 0000000103    4.20382396    4.20382396    80.0000000
 0000000104    4.20382396    4.20382396    80.0000000
 0000000105    4.20382396    4.20382396    80.0000000
 0000000106    4.20382396    4.20382396    80.0000000
 0000000107    4.20382397    4.20382397    80.0000000
 0000000108    4.20382397    4.20382397    80.0000000
 0000000109    4.20382397    4.20382397    80.0000000
 0000000110    4.20382397    4.20382397    80.0000000
 0000000111    4.00000000    4.00000000    80.0000000
 0000000112    4.00000000    4.00000000    80.0000000
 0000000113    4.00000000    4.00000000    80.0000000
 0000000114    4.00000000    4.00000000    80.0000000
 0000000115    4.00000000    4.00000000    80.0000000
 0000000116    4.00000000    4.00000000    80.0000000
 0000000117    4.00000000    4.00000000    80.0000000
 0000000118    4.00000000    4.00000000    80.0000000
 0000000119    4.00000000    4.00000000    80.0000000
 0000000120    4.00000000    4.00000000    80.0000000
 0000000121    4.00000000    4.00000000    80.0000000
 0000000122    6.00000000    6.00000000    62.4311249
 0000000123    6.00000000    6.00000000    62.4311249
 0000000124    6.00000000    6.00000000    62.4311249
 0000000125    6.00000000    6.00000000    62.4311249
 0000000126    6.00000000    6.00000000    62.4311249
 0000000127    6.00000000    6.00000000    62.4311249
 0000000128    6.00000000    6.00000000    62.4311249
 0000000129    6.00000000    6.00000000    62.4311249
 0000000130    6.00000000    6.00000000    62.4311249
 0000000131    6.00000000    6.00000000    62.4311249
 0000000132    6.00000000    6.00000000    62.4311249
 0000000133    5.80077593    5.80077593    62.7731604
 0000000134    5.80077593    5.80077593    62.7731604
 0000000135    5.80077593    5.80077593    62.7731604
 0000000136    5.80077593    5.80077593    62.7731604
 0000000137    5.80077593    5.80077593    62.7731604
 0000000138    5.80077593    5.80077593    62.7731604
 0000000139    5.80077593    5.80077593    62.7731604
 0000000140    5.80077593    5.80077593    62.7731604
 0000000141    5.80077593    5.80077593    62.7731604
 0000000142    5.80077593    5.80077593    62.7731604
 0000000143    5.80077593    5.80077593    62.7731604
 0000000144    5.60208484    5.60208484    62.8273371
 0000000145    5.60208484    5.60208484    62.8273371
 0000000146    5.60208484    5.60208484    62.8273371
 0000000147    5.60208484    5.60208484    62.8273371
 0000000148    5.60208484    5.60208484    62.8273371
 0000000149    5.60208484    5.60208484    62.8273371
 0000000150    5.60208484    5.60208484    62.8273371
 0000000151    5.60208484    5.60208484    62.8273371
 0000000152    5.60208484    5.60208484    62.8273371
 0000000153    5.60208484    5.60208484    62.8273371
 0000000154    5.60208484    5.60208484    62.8273371
 0000000155    5.40311443    5.40311443    62.8358435
 0000000156    5.40311443    5.40311443    62.8358435
 0000000157    5.40311443    5.40311443    62.8358435
 0000000158    5.40311443    5.40311443    62.8358435
 0000000159    5.40311443    5.40311443    62.8358435
 0000000160    5.40311443    5.40311443    62.8358435
 0000000161    5.40311443    5.40311443    62.8358435
 0000000162    5.40311443    5.40311443    62.8358435
 0000000163    5.40311443    5.40311443    62.8358435
 0000000164    5.40311443    5.40311443    62.8358435
 0000000165    5.40311443    5.40311443    62.8358435
 0000000166    5.20376458    5.20376458    62.8368458
 0000000167    5.20376458    5.20376458    62.8368458
 0000000168    5.20376458    5.20376458    62.8368458
 0000000169    5.20376458    5.20376458    62.8368458
 0000000170    5.20376458    5.20376458    62.8368458
 0000000171    5.20376458    5.20376458    62.8368458
 0000000172    5.20376458    5.20376458    62.8368458
 0000000173    5.20376458    5.20376458    62.8368458
 0000000174    5.20376458    5.20376458    62.8368458
 0000000175    5.20376458    5.20376458    62.8368458
 0000000176    5.20376458    5.20376458    62.8368458
 0000000177    5.00403774    5.00403774    62.8362108
 0000000178    5.00403774    5.00403774    62.8362108
 0000000179    5.00403774    5.00403774    62.8362108
 0000000180    5.00403774    5.00403774    62.8362108
 0000000181    5.00403774    5.00403774    62.8362108
 0000000182    5.00403774    5.00403774    62.8362108
 0000000183    5.00403774    5.00403774    62.8362108
 0000000184    5.00403774    5.00403774    62.8362108
 0000000185    5.00403774    5.00403774    62.8362108
 0000000186    5.00403774    5.00403774    62.8362108
 0000000187    5.00403774    5.00403774    62.8362108
 0000000188    4.80394285    4.80394285    62.8348500
 0000000189    4.80394285    4.80394285    62.8348500
 0000000190    4.80394285    4.80394285    62.8348500
 0000000191    4.80394285    4.80394285    62.8348500
 0000000192    4.80394285    4.80394285    62.8348500
 0000000193    4.80394285    4.80394285    62.8348500
 0000000194    4.80394285    4.80394285    62.8348500
 0000000195    4.80394285    4.80394285    62.8348500
 0000000196    4.80394285    4.80394285    62.8348500
 0000000197    4.80394285    4.80394285    62.8348500
 0000000198    4.80394285    4.80394285    62.8348500
 0000000199    4.60348205    4.60348205    62.8330022
 0000000200    4.60348205    4.60348205    62.8330022
 0000000201    4.60348205    4.60348205    62.8330022
 0000000202    4.60348205    4.60348205    62.8330022
 0000000203    4.60348205    4.60348205    62.8330022
 0000000204    4.60348205    4.60348205    62.8330022
 0000000205    4.60348205    4.60348205    62.8330022
 0000000206    4.60348205    4.60348205    62.8330022
 0000000207    4.60348205    4.60348205    62.8330022
 0000000208    4.60348205    4.60348205    62.8330022
 0000000209    4.60348205    4.60348205    62.8330022
 0000000210    4.40265250    4.40265250    62.8327169
 0000000211    4.40265250    4.40265250    62.8327169
 0000000212    4.40265250    4.40265250    62.8327169
 0000000213    4.40265250    4.40265250    62.8327169
 0000000214    4.40265250    4.40265250    62.8327169
 0000000215    4.40265250    4.40265250    62.8327169
 0000000216    4.40265250    4.40265250    62.8327169
 0000000217    4.40265250    4.40265250    62.8327169
 0000000218    4.40265250    4.40265250    62.8327169
 0000000219    4.40265250    4.40265250    62.8327169
 0000000220    4.40265250    4.40265250    62.8327169
 0000000221    4.20145887    4.20145887    62.8622312
 0000000222    4.20145887    4.20145887    62.8622312
 0000000223    4.20145887    4.20145887    62.8622312
 0000000224    4.20145887    4.20145887    62.8622312
 0000000225    4.20145887    4.20145887    62.8622312
 0000000226    4.20145887    4.20145887    62.8622312
 0000000227    4.20145887    4.20145887    62.8622312
 0000000228    4.20145887    4.20145887    62.8622312
 0000000229    4.20145887    4.20145887    62.8622312
 0000000230    4.20145887    4.20145887    62.8622312
 0000000231    4.20145887    4.20145887    62.8622312
 0000000232    4.00000000    4.00000000    63.2712129
 0000000233    4.00000000    4.00000000    63.2712129
 0000000234    4.00000000    4.00000000    63.2712129
 0000000235    4.00000000    4.00000000    63.2712129
 0000000236    4.00000000    4.00000000    63.2712129
 0000000237    4.00000000    4.00000000    63.2712129
 0000000238    4.00000000    4.00000000    63.2712129
 0000000239    4.00000000    4.00000000    63.2712129
 0000000240    4.00000000    4.00000000    63.2712129
 0000000241    4.00000000    4.00000000    63.2712129
 0000000242    4.00000000    4.00000000    63.2712129
 0000000243    6.00000000    6.00000000    60.2394494
 0000000244    6.00000000    6.00000000    60.2394494
 0000000245    6.00000000    6.00000000    60.2394494
 0000000246    6.00000000    6.00000000    60.2394494
 0000000247    6.00000000    6.00000000    60.2394494
 0000000248    6.00000000    6.00000000    60.2394494
 0000000249    6.00000000    6.00000000    60.2394494
 0000000250    6.00000000    6.00000000    60.2394494
 0000000251    6.00000000    6.00000000    60.2394494
 0000000252    6.00000000    6.00000000    60.2394494
 0000000253    6.00000000    6.00000000    60.2394494
 0000000254    5.79959322    5.79959322    60.3088282
 0000000255    5.79959322    5.79959322    60.3088282
 0000000256    5.79959322    5.79959322    60.3088282
 0000000257    5.79959322    5.79959322    60.3088282
 0000000258    5.79959322    5.79959322    60.3088282
 0000000259    5.79959322    5.79959322    60.3088282
 0000000260    5.79959322    5.79959322    60.3088282
 0000000261    5.79959322    5.79959322    60.3088282
 0000000262    5.79959322    5.79959322    60.3088282
 0000000263    5.79959322    5.79959322    60.3088282
 0000000264    5.79959322    5.79959322    60.3088282
 0000000265    5.59943762    5.59943762    60.3234412
 0000000266    5.59943762    5.59943762    60.3234412
 0000000267    5.59943762    5.59943762    60.3234412
 0000000268    5.59943762    5.59943762    60.3234412
 0000000269    5.59943762    5.59943762    60.3234412
 0000000270    5.59943762    5.59943762    60.3234412
 0000000271    5.59943762    5.59943762    60.3234412
 0000000272    5.59943762    5.59943762    60.3234412
 0000000273    5.59943762    5.59943762    60.3234412
 0000000274    5.59943762    5.59943762    60.3234412
 0000000275    5.59943762    5.59943762    60.3234412
 0000000276    5.39937836    5.39937836    60.3253253
 0000000277    5.39937836    5.39937836    60.3253253
 0000000278    5.39937836    5.39937836    60.3253253
 0000000279    5.39937836    5.39937836    60.3253253
 0000000280    5.39937836    5.39937836    60.3253253
 0000000281    5.39937836    5.39937836    60.3253253
 0000000282    5.39937836    5.39937836    60.3253253
 0000000283    5.39937836    5.39937836    60.3253253
 0000000284    5.39937836    5.39937836    60.3253253
 0000000285    5.39937836    5.39937836    60.3253253
 0000000286    5.39937836    5.39937836    60.3253253
 0000000287    5.19937137    5.19937137    60.3246953
 0000000288    5.19937137    5.19937137    60.3246953
 0000000289    5.19937137    5.19937137    60.3246953
 0000000290    5.19937137    5.19937137    60.3246953
 0000000291    5.19937137    5.19937137    60.3246953
 0000000292    5.19937137    5.19937137    60.3246953
 0000000293    5.19937137    5.19937137    60.3246953
 0000000294    5.19937137    5.19937137    60.3246953
 0000000295    5.19937137    5.19937137    60.3246953
 0000000296    5.19937137    5.19937137    60.3246953
 0000000297    5.19937137    5.19937137    60.3246953
 0000000298    4.99940208    4.99940208    60.3235266
 0000000299    4.99940208    4.99940208    60.3235266
 0000000300    4.99940208    4.99940208    60.3235266
 0000000301    4.99940208    4.99940208    60.3235266
 0000000302    4.99940208    4.99940208    60.3235266
 0000000303    4.99940208    4.99940208    60.3235266
 0000000304    4.99940208    4.99940208    60.3235266
 0000000305    4.99940208    4.99940208    60.3235266
 0000000306    4.99940208    4.99940208    60.3235266
 0000000307    4.99940208    4.99940208    60.3235266
 0000000308    4.99940208    4.99940208    60.3235266
 0000000309    4.79946450    4.79946450    60.3221758
 0000000310    4.79946450    4.79946450    60.3221758
 0000000311    4.79946450    4.79946450    60.3221758
 0000000312    4.79946450    4.79946450    60.3221758
 0000000313    4.79946450    4.79946450    60.3221758
 0000000314    4.79946450    4.79946450    60.3221758
 0000000315    4.79946450    4.79946450    60.3221758
 0000000316    4.79946450    4.79946450    60.3221758
 0000000317    4.79946450    4.79946450    60.3221758
 0000000318    4.79946450    4.79946450    60.3221758
 0000000319    4.79946450    4.79946450    60.3221758
 0000000320    4.59955672    4.59955672    60.3207500
 0000000321    4.59955672    4.59955672    60.3207500
 0000000322    4.59955672    4.59955672    60.3207500
 0000000323    4.59955672    4.59955672    60.3207500
 0000000324    4.59955672    4.59955672    60.3207500
 0000000325    4.59955672    4.59955672    60.3207500
 0000000326    4.59955672    4.59955672    60.3207500
 0000000327    4.59955672    4.59955672    60.3207500
 0000000328    4.59955672    4.59955672    60.3207500
 0000000329    4.59955672    4.59955672    60.3207500
 0000000330    4.59955672    4.59955672    60.3207500
 0000000331    4.39967830    4.39967830    60.3198422
 0000000332    4.39967830    4.39967830    60.3198422
 0000000333    4.39967830    4.39967830    60.3198422
 0000000334    4.39967830    4.39967830    60.3198422
 0000000335    4.39967830    4.39967830    60.3198422
 0000000336    4.39967830    4.39967830    60.3198422
 0000000337    4.39967830    4.39967830    60.3198422
 0000000338    4.39967830    4.39967830    60.3198422
 0000000339    4.39967830    4.39967830    60.3198422
 0000000340    4.39967830    4.39967830    60.3198422
 0000000341    4.39967830    4.39967830    60.3198422
 0000000342    4.19982655    4.19982655    60.3252082
 0000000343    4.19982655    4.19982655    60.3252082
 0000000344    4.19982655    4.19982655    60.3252082
 0000000345    4.19982655    4.19982655    60.3252082
 0000000346    4.19982655    4.19982655    60.3252082
 0000000347    4.19982655    4.19982655    60.3252082
 0000000348    4.19982655    4.19982655    60.3252082
 0000000349    4.19982655    4.19982655    60.3252082
 0000000350    4.19982655    4.19982655    60.3252082
 0000000351    4.19982655    4.19982655    60.3252082
 0000000352    4.19982655    4.19982655    60.3252082
 0000000353    4.00000000    4.00000000    60.3893322
 0000000354    4.00000000    4.00000000    60.3893322
 0000000355    4.00000000    4.00000000    60.3893322
 0000000356    4.00000000    4.00000000    60.3893322
 0000000357    4.00000000    4.00000000    60.3893322
 0000000358    4.00000000    4.00000000    60.3893322
 0000000359    4.00000000    4.00000000    60.3893322
 0000000360    4.00000000    4.00000000    60.3893322
 0000000361    4.00000000    4.00000000    60.3893322
 0000000362    4.00000000    4.00000000    60.3893322
 0000000363    4.00000000    4.00000000    60.3893322
 0000000364    6.00000000    6.00000000    60.0166306
 0000000365    6.00000000    6.00000000    60.0166306
 0000000366    6.00000000    6.00000000    60.0166306
 0000000367    6.00000000    6.00000000    60.0166306
 0000000368    6.00000000    6.00000000    60.0166306
 0000000369    6.00000000    6.00000000    60.0166306
 0000000370    6.00000000    6.00000000    60.0166306
 0000000371    6.00000000    6.00000000    60.0166306
 0000000372    6.00000000    6.00000000    60.0166306
 0000000373    6.00000000    6.00000000    60.0166306
 0000000374    6.00000000    6.00000000    60.0166306
 0000000375    5.79748071    5.79748071    60.0361393
 0000000376    5.79748071    5.79748071    60.0361393
 0000000377    5.79748071    5.79748071    60.0361393
 0000000378    5.79748071    5.79748071    60.0361393
 0000000379    5.79748071    5.79748071    60.0361393
 0000000380    5.79748071    5.79748071    60.0361393
 0000000381    5.79748071    5.79748071    60.0361393
 0000000382    5.79748071    5.79748071    60.0361393
 0000000383    5.79748071    5.79748071    60.0361393
 0000000384    5.79748071    5.79748071    60.0361393
 0000000385    5.79748071    5.79748071    60.0361393
 0000000386    5.59577748    5.59577748    60.0400591
 0000000387    5.59577748    5.59577748    60.0400591
 0000000388    5.59577748    5.59577748    60.0400591
 0000000389    5.59577748    5.59577748    60.0400591
 0000000390    5.59577748    5.59577748    60.0400591
 0000000391    5.59577748    5.59577748    60.0400591
 0000000392    5.59577748    5.59577748    60.0400591
 0000000393    5.59577748    5.59577748    60.0400591
 0000000394    5.59577748    5.59577748    60.0400591
 0000000395    5.59577748    5.59577748    60.0400591
 0000000396    5.59577748    5.59577748    60.0400591
 0000000397    5.39468628    5.39468628    60.0398659
 0000000398    5.39468628    5.39468628    60.0398659
 0000000399    5.39468628    5.39468628    60.0398659
 0000000400    5.39468628    5.39468628    60.0398659
 0000000401    5.39468628    5.39468628    60.0398659
 0000000402    5.39468628    5.39468628    60.0398659
 0000000403    5.39468628    5.39468628    60.0398659
 0000000404    5.39468628    5.39468628    60.0398659
 0000000405    5.39468628    5.39468628    60.0398659
 0000000406    5.39468628    5.39468628    60.0398659
 0000000407    5.39468628    5.39468628    60.0398659
 0000000408    5.19408799    5.19408799    60.0388349
 0000000409    5.19408799    5.19408799    60.0388349
 0000000410    5.19408799    5.19408799    60.0388349
 0000000411    5.19408799    5.19408799    60.0388349
 0000000412    5.19408799    5.19408799    60.0388349
 0000000413    5.19408799    5.19408799    60.0388349
 0000000414    5.19408799    5.19408799    60.0388349
 0000000415    5.19408799    5.19408799    60.0388349
 0000000416    5.19408799    5.19408799    60.0388349
 0000000417    5.19408799    5.19408799    60.0388349
 0000000418    5.19408799    5.19408799    60.0388349
 0000000419    4.99391732    4.99391732    60.0376431
 0000000420    4.99391732    4.99391732    60.0376431
 0000000421    4.99391732    4.99391732    60.0376431
 0000000422    4.99391732    4.99391732    60.0376431
 0000000423    4.99391732    4.99391732    60.0376431
 0000000424    4.99391732    4.99391732    60.0376431
 0000000425    4.99391732    4.99391732    60.0376431
 0000000426    4.99391732    4.99391732    60.0376431
 0000000427    4.99391732    4.99391732    60.0376431
 0000000428    4.99391732    4.99391732    60.0376431
 0000000429    4.99391732    4.99391732    60.0376431
 0000000430    4.79415001    4.79415001    60.0364143
 0000000431    4.79415001    4.79415001    60.0364143
 0000000432    4.79415001    4.79415001    60.0364143
 0000000433    4.79415001    4.79415001    60.0364143
 0000000434    4.79415001    4.79415001    60.0364143
 0000000435    4.79415001    4.79415001    60.0364143
 0000000436    4.79415001    4.79415001    60.0364143
 0000000437    4.79415001    4.79415001    60.0364143
 0000000438    4.79415001    4.79415001    60.0364143
 0000000439    4.79415001    4.79415001    60.0364143
 0000000440    4.79415001    4.79415001    60.0364143
 0000000441    4.59479938    4.59479938    60.0351697
 0000000442    4.59479938    4.59479938    60.0351697
 0000000443    4.59479938    4.59479938    60.0351697
 0000000444    4.59479938    4.59479938    60.0351697
 0000000445    4.59479938    4.59479938    60.0351697
 0000000446    4.59479938    4.59479938    60.0351697
 0000000447    4.59479938    4.59479938    60.0351697
 0000000448    4.59479938    4.59479938    60.0351697
 0000000449    4.59479938    4.59479938    60.0351697
 0000000450    4.59479938    4.59479938    60.0351697
 0000000451    4.59479938    4.59479938    60.0351697
 0000000452    4.39591758    4.39591758    60.0339110
 0000000453    4.39591758    4.39591758    60.0339110
 0000000454    4.39591758    4.39591758    60.0339110
 0000000455    4.39591758    4.39591758    60.0339110
 0000000456    4.39591758    4.39591758    60.0339110
 0000000457    4.39591758    4.39591758    60.0339110
 0000000458    4.39591758    4.39591758    60.0339110
 0000000459    4.39591758    4.39591758    60.0339110
 0000000460    4.39591758    4.39591758    60.0339110
 0000000461    4.39591758    4.39591758    60.0339110
 0000000462    4.39591758    4.39591758    60.0339110
 0000000463    4.19760084    4.19760084    60.0325225
 0000000464    4.19760084    4.19760084    60.0325225
 0000000465    4.19760084    4.19760084    60.0325225
 0000000466    4.19760084    4.19760084    60.0325225
 0000000467    4.19760084    4.19760084    60.0325225
 0000000468    4.19760084    4.19760084    60.0325225
 0000000469    4.19760084    4.19760084    60.0325225
 0000000470    4.19760084    4.19760084    60.0325225
 0000000471    4.19760084    4.19760084    60.0325225
 0000000472    4.19760084    4.19760084    60.0325225
 0000000473    4.19760084    4.19760084    60.0325225
 0000000474    4.00000000    4.00000000    60.0314100
 0000000475    4.00000000    4.00000000    60.0314100
 0000000476    4.00000000    4.00000000    60.0314100
 0000000477    4.00000000    4.00000000    60.0314100
 0000000478    4.00000000    4.00000000    60.0314100
 0000000479    4.00000000    4.00000000    60.0314100
 0000000480    4.00000000    4.00000000    60.0314100
 0000000481    4.00000000    4.00000000    60.0314100
 0000000482    4.00000000    4.00000000    60.0314100
 0000000483    4.00000000    4.00000000    60.0314100
 0000000484    4.00000000    4.00000000    60.0314100
 0000000485    6.00000000    6.00000000    60.0061102
 0000000486    6.00000000    6.00000000    60.0061102
 0000000487    6.00000000    6.00000000    60.0061102
 0000000488    6.00000000    6.00000000    60.0061102
 0000000489    6.00000000    6.00000000    60.0061102
 0000000490    6.00000000    6.00000000    60.0061102
 0000000491    6.00000000    6.00000000    60.0061102
 0000000492    6.00000000    6.00000000    60.0061102
 0000000493    6.00000000    6.00000000    60.0061102
 0000000494    6.00000000    6.00000000    60.0061102
 0000000495    6.00000000    6.00000000    60.0061102
 0000000496    5.19600632    5.19600632    60.0051332
 0000000497    5.19600632    5.19600632    60.0051332
 0000000498    5.19600632    5.19600632    60.0051332
 0000000499    5.19600632    5.19600632    60.0051332
 0000000500    5.19600632    5.19600632    60.0051332
 0000000501    5.19600632    5.19600632    60.0051332
 0000000502    5.19600632    5.19600632    60.0051332
 0000000503    5.19600632    5.19600632    60.0051332
 0000000504    5.19600632    5.19600632    60.0051332
 0000000505    5.19600632    5.19600632    60.0051332
 0000000506    5.19600632    5.19600632    60.0051332
 0000000507    5.10210063    5.10210063    60.0047265
 0000000508    5.10210063    5.10210063    60.0047265
 0000000509    5.10210063    5.10210063    60.0047265
 0000000510    5.10210063    5.10210063    60.0047265
 0000000511    5.10210063    5.10210063    60.0047265
 0000000512    5.10210063    5.10210063    60.0047265
 0000000513    5.10210063    5.10210063    60.0047265
 0000000514    5.10210063    5.10210063    60.0047265
 0000000515    5.10210063    5.10210063    60.0047265
 0000000516    5.10210063    5.10210063    60.0047265
 0000000517    5.10210063    5.10210063    60.0047265
 0000000518    5.06619530    5.06619530    60.0044284
 0000000519    5.06619530    5.06619530    60.0044284
 0000000520    5.06619530    5.06619530    60.0044284
 0000000521    5.06619530    5.06619530    60.0044284
 0000000522    5.06619530    5.06619530    60.0044284
 0000000523    5.06619530    5.06619530    60.0044284
 0000000524    5.06619530    5.06619530    60.0044284
 0000000525    5.06619530    5.06619530    60.0044284
 0000000526    5.06619530    5.06619530    60.0044284
 0000000527    5.06619530    5.06619530    60.0044284
 0000000528    5.06619530    5.06619530    60.0044284
 0000000529    5.03391967    5.03391967    60.0040957
 0000000530    5.03391967    5.03391967    60.0040957
 0000000531    5.03391967    5.03391967    60.0040957
 0000000532    5.03391967    5.03391967    60.0040957
 0000000533    5.03391967    5.03391967    60.0040957
 0000000534    5.03391967    5.03391967    60.0040957
 0000000535    5.03391967    5.03391967    60.0040957
 0000000536    5.03391967    5.03391967    60.0040957
 0000000537    5.03391967    5.03391967    60.0040957
 0000000538    5.03391967    5.03391967    60.0040957
 0000000539    5.03391967    5.03391967    60.0040957
 0000000540    5.00189266    5.00189266    60.0037460
 0000000541    5.00189266    5.00189266    60.0037460
 0000000542    5.00189266    5.00189266    60.0037460
 0000000543    5.00189266    5.00189266    60.0037460
 0000000544    5.00189266    5.00189266    60.0037460
 0000000545    5.00189266    5.00189266    60.0037460
 0000000546    5.00189266    5.00189266    60.0037460
 0000000547    5.00189266    5.00189266    60.0037460
 0000000548    5.00189266    5.00189266    60.0037460
 0000000549    5.00189266    5.00189266    60.0037460
 0000000550    5.00189266    5.00189266    60.0037460
 0000000551    4.96992343    4.96992343    60.0033897
 0000000552    4.96992343    4.96992343    60.0033897
 0000000553    4.96992343    4.96992343    60.0033897
 0000000554    4.96992343    4.96992343    60.0033897
 0000000555    4.96992343    4.96992343    60.0033897
 0000000556    4.96992343    4.96992343    60.0033897
 0000000557    4.96992343    4.96992343    60.0033897
 0000000558    4.96992343    4.96992343    60.0033897
 0000000559    4.96992343    4.96992343    60.0033897
 0000000560    4.96992343    4.96992343    60.0033897
 0000000561    4.96992343    4.96992343    60.0033897
 0000000562    4.93779449    4.93779449    60.0030191
 0000000563    4.93779449    4.93779449    60.0030191
 0000000564    4.93779449    4.93779449    60.0030191
 0000000565    4.93779449    4.93779449    60.0030191
 0000000566    4.93779449    4.93779449    60.0030191
 0000000567    4.93779449    4.93779449    60.0030191
 0000000568    4.93779449    4.93779449    60.0030191
 0000000569    4.93779449    4.93779449    60.0030191
 0000000570    4.93779449    4.93779449    60.0030191
 0000000571    4.93779449    4.93779449    60.0030191
 0000000572    4.93779449    4.93779449    60.0030191
 0000000573    4.90203322    4.90203322    60.0025394
 0000000574    4.90203322    4.90203322    60.0025394
 0000000575    4.90203322    4.90203322    60.0025394
 0000000576    4.90203322    4.90203322    60.0025394
 0000000577    4.90203322    4.90203322    60.0025394
 0000000578    4.90203322    4.90203322    60.0025394
 0000000579    4.90203322    4.90203322    60.0025394
 0000000580    4.90203322    4.90203322    60.0025394
 0000000581    4.90203322    4.90203322    60.0025394
 0000000582    4.90203322    4.90203322    60.0025394
 0000000583    4.90203322    4.90203322    60.0025394
 0000000584    4.80790797    4.80790797    60.0012902
 0000000585    4.80790797    4.80790797    60.0012902
 0000000586    4.80790797    4.80790797    60.0012902
 0000000587    4.80790797    4.80790797    60.0012902
 0000000588    4.80790797    4.80790797    60.0012902
 0000000589    4.80790797    4.80790797    60.0012902
 0000000590    4.80790797    4.80790797    60.0012902
 0000000591    4.80790797    4.80790797    60.0012902
 0000000592    4.80790797    4.80790797    60.0012902
 0000000593    4.80790797    4.80790797    60.0012902
 0000000594    4.80790797    4.80790797    60.0012902
 0000000595    4.00000000    4.00000000    59.9975287
 0000000596    4.00000000    4.00000000    59.9975287
 0000000597    4.00000000    4.00000000    59.9975287
 0000000598    4.00000000    4.00000000    59.9975287
 0000000599    4.00000000    4.00000000    59.9975287
 0000000600    4.00000000    4.00000000    59.9975287
 0000000601    4.00000000    4.00000000    59.9975287
 0000000602    4.00000000    4.00000000    59.9975287
 0000000603    4.00000000    4.00000000    59.9975287
 0000000604    4.00000000    4.00000000    59.9975287
 0000000605    4.00000000    4.00000000    59.9975287
 0000000606    6.00000000    6.00000000    60.0044542
 0000000607    6.00000000    6.00000000    60.0044542
 0000000608    6.00000000    6.00000000    60.0044542
 0000000609    6.00000000    6.00000000    60.0044542
 0000000610    6.00000000    6.00000000    60.0044542
 0000000611    6.00000000    6.00000000    60.0044542
 0000000612    6.00000000    6.00000000    60.0044542
 0000000613    6.00000000    6.00000000    60.0044542
 0000000614    6.00000000    6.00000000    60.0044542
 0000000615    6.00000000    6.00000000    60.0044542
 0000000616    6.00000000    6.00000000    60.0044542
 0000000617    5.09908587    5.09908587    60.0013310
 0000000618    5.09908587    5.09908587    60.0013310
 0000000619    5.09908587    5.09908587    60.0013310
 0000000620    5.09908587    5.09908587    60.0013310
 0000000621    5.09908587    5.09908587    60.0013310
 0000000622    5.09908587    5.09908587    60.0013310
 0000000623    5.09908587    5.09908587    60.0013310
 0000000624    5.09908587    5.09908587    60.0013310
 0000000625    5.09908587    5.09908587    60.0013310
 0000000626    5.09908587    5.09908587    60.0013310
 0000000627    5.09908587    5.09908587    60.0013310
 0000000628    5.01864780    5.01864780    60.0006616
 0000000629    5.01864780    5.01864780    60.0006616
 0000000630    5.01864780    5.01864780    60.0006616
 0000000631    5.01864780    5.01864780    60.0006616
 0000000632    5.01864780    5.01864780    60.0006616
 0000000633    5.01864780    5.01864780    60.0006616
 0000000634    5.01864780    5.01864780    60.0006616
 0000000635    5.01864780    5.01864780    60.0006616
 0000000636    5.01864780    5.01864780    60.0006616
 0000000637    5.01864780    5.01864780    60.0006616
 0000000638    5.01864780    5.01864780    60.0006616
 0000000639    5.00952402    5.00952402    60.0006025
 0000000640    5.00952402    5.00952402    60.0006025
 0000000641    5.00952402    5.00952402    60.0006025
 0000000642    5.00952402    5.00952402    60.0006025
 0000000643    5.00952402    5.00952402    60.0006025
 0000000644    5.00952402    5.00952402    60.0006025
 0000000645    5.00952402    5.00952402    60.0006025
 0000000646    5.00952402    5.00952402    60.0006025
 0000000647    5.00952402    5.00952402    60.0006025
 0000000648    5.00952402    5.00952402    60.0006025
 0000000649    5.00952402    5.00952402    60.0006025
 0000000650    5.00501987    5.00501987    60.0005571
 0000000651    5.00501987    5.00501987    60.0005571
 0000000652    5.00501987    5.00501987    60.0005571
 0000000653    5.00501987    5.00501987    60.0005571
 0000000654    5.00501987    5.00501987    60.0005571
 0000000655    5.00501987    5.00501987    60.0005571
 0000000656    5.00501987    5.00501987    60.0005571
 0000000657    5.00501987    5.00501987    60.0005571
 0000000658    5.00501987    5.00501987    60.0005571
 0000000659    5.00501987    5.00501987    60.0005571
 0000000660    5.00501987    5.00501987    60.0005571
 0000000661    5.00073768    5.00073768    60.0004807
 0000000662    5.00073768    5.00073768    60.0004807
 0000000663    5.00073768    5.00073768    60.0004807
 0000000664    5.00073768    5.00073768    60.0004807
 0000000665    5.00073768    5.00073768    60.0004807
 0000000666    5.00073768    5.00073768    60.0004807
 0000000667    5.00073768    5.00073768    60.0004807
 0000000668    5.00073768    5.00073768    60.0004807
 0000000669    5.00073768    5.00073768    60.0004807
 0000000670    5.00073768    5.00073768    60.0004807
 0000000671    5.00073768    5.00073768    60.0004807
 0000000672    4.99642777    4.99642777    60.0003865
 0000000673    4.99642777    4.99642777    60.0003865
 0000000674    4.99642777    4.99642777    60.0003865
 0000000675    4.99642777    4.99642777    60.0003865
 0000000676    4.99642777    4.99642777    60.0003865
 0000000677    4.99642777    4.99642777    60.0003865
 0000000678    4.99642777    4.99642777    60.0003865
 0000000679    4.99642777    4.99642777    60.0003865
 0000000680    4.99642777    4.99642777    60.0003865
 0000000681    4.99642777    4.99642777    60.0003865
 0000000682    4.99642777    4.99642777    60.0003865
 0000000683    4.99181530    4.99181530    60.0002713
 0000000684    4.99181530    4.99181530    60.0002713
 0000000685    4.99181530    4.99181530    60.0002713
 0000000686    4.99181530    4.99181530    60.0002713
 0000000687    4.99181530    4.99181530    60.0002713
 0000000688    4.99181530    4.99181530    60.0002713
 0000000689    4.99181530    4.99181530    60.0002713
 0000000690    4.99181530    4.99181530    60.0002713
 0000000691    4.99181530    4.99181530    60.0002713
 0000000692    4.99181530    4.99181530    60.0002713
 0000000693    4.99181530    4.99181530    60.0002713
 0000000694    4.98242382    4.98242382    60.0000316
 0000000695    4.98242382    4.98242382    60.0000316
 0000000696    4.98242382    4.98242382    60.0000316
 0000000697    4.98242382    4.98242382    60.0000316
 0000000698    4.98242382    4.98242382    60.0000316
 0000000699    4.98242382    4.98242382    60.0000316
 0000000700    4.98242382    4.98242382    60.0000316
 0000000701    4.98242382    4.98242382    60.0000316
 0000000702    4.98242382    4.98242382    60.0000316
 0000000703    4.98242382    4.98242382    60.0000316
 0000000704    4.98242382    4.98242382    60.0000316
 0000000705    4.90152224    4.90152224    59.9989537
 0000000706    4.90152224    4.90152224    59.9989537
 0000000707    4.90152224    4.90152224    59.9989537
 0000000708    4.90152224    4.90152224    59.9989537
 0000000709    4.90152224    4.90152224    59.9989537
 0000000710    4.90152224    4.90152224    59.9989537
 0000000711    4.90152224    4.90152224    59.9989537
 0000000712    4.90152224    4.90152224    59.9989537
 0000000713    4.90152224    4.90152224    59.9989537
 0000000714    4.90152224    4.90152224    59.9989537
 0000000715    4.90152224    4.90152224    59.9989537
 0000000716    4.00000000    4.00000000    59.9952056
 0000000717    4.00000000    4.00000000    59.9952056
 0000000718    4.00000000    4.00000000    59.9952056
 0000000719    4.00000000    4.00000000    59.9952056
 0000000720    4.00000000    4.00000000    59.9952056
 0000000721    4.00000000    4.00000000    59.9952056
 0000000722    4.00000000    4.00000000    59.9952056
 0000000723    4.00000000    4.00000000    59.9952056
 0000000724    4.00000000    4.00000000    59.9952056
 0000000725    4.00000000    4.00000000    59.9952056
 0000000726    4.00000000    4.00000000    59.9952056
 0000000727    6.00000000    6.00000000    59.9975541
 0000000728    6.00000000    6.00000000    59.9975541
 0000000729    6.00000000    6.00000000    59.9975541
 0000000730    6.00000000    6.00000000    59.9975541
 0000000731    6.00000000    6.00000000    59.9975541
 0000000732    6.00000000    6.00000000    59.9975541
 0000000733    6.00000000    6.00000000    59.9975541
 0000000734    6.00000000    6.00000000    59.9975541
 0000000735    6.00000000    6.00000000    59.9975541
 0000000736    6.00000000    6.00000000    59.9975541
 0000000737    6.00000000    6.00000000    59.9975541
 0000000738    5.19248018    5.19248018    59.9983041
 0000000739    5.19248018    5.19248018    59.9983041
 0000000740    5.19248018    5.19248018    59.9983041
 0000000741    5.19248018    5.19248018    59.9983041
 0000000742    5.19248018    5.19248018    59.9983041
 0000000743    5.19248018    5.19248018    59.9983041
 0000000744    5.19248018    5.19248018    59.9983041
 0000000745    5.19248018    5.19248018    59.9983041
 0000000746    5.19248018    5.19248018    59.9983041
 0000000747    5.19248018    5.19248018    59.9983041
 0000000748    5.19248018    5.19248018    59.9983041
 0000000749    5.10047570    5.10047570    59.9999354
 0000000750    5.10047570    5.10047570    59.9999354
 0000000751    5.10047570    5.10047570    59.9999354
 0000000752    5.10047570    5.10047570    59.9999354
 0000000753    5.10047570    5.10047570    59.9999354
 0000000754    5.10047570    5.10047570    59.9999354
 0000000755    5.10047570    5.10047570    59.9999354
 0000000756    5.10047570    5.10047570    59.9999354
 0000000757    5.10047570    5.10047570    59.9999354
 0000000758    5.10047570    5.10047570    59.9999354
 0000000759    5.10047570    5.10047570    59.9999354
 0000000760    5.06595158    5.06595158    60.0008115
 0000000761    5.06595158    5.06595158    60.0008115
 0000000762    5.06595158    5.06595158    60.0008115
 0000000763    5.06595158    5.06595158    60.0008115
 0000000764    5.06595158    5.06595158    60.0008115
 0000000765    5.06595158    5.06595158    60.0008115
 0000000766    5.06595158    5.06595158    60.0008115
 0000000767    5.06595158    5.06595158    60.0008115
 0000000768    5.06595158    5.06595158    60.0008115
 0000000769    5.06595158    5.06595158    60.0008115
 0000000770    5.06595158    5.06595158    60.0008115
 0000000771    5.03436387    5.03436387    60.0010241
 0000000772    5.03436387    5.03436387    60.0010241
 0000000773    5.03436387    5.03436387    60.0010241
 0000000774    5.03436387    5.03436387    60.0010241
 0000000775    5.03436387    5.03436387    60.0010241
 0000000776    5.03436387    5.03436387    60.0010241
 0000000777    5.03436387    5.03436387    60.0010241
 0000000778    5.03436387    5.03436387    60.0010241
 0000000779    5.03436387    5.03436387    60.0010241
 0000000780    5.03436387    5.03436387    60.0010241
 0000000781    5.03436387    5.03436387    60.0010241
 0000000782    5.00259954    5.00259954    60.0009042
 0000000783    5.00259954    5.00259954    60.0009042
 0000000784    5.00259954    5.00259954    60.0009042
 0000000785    5.00259954    5.00259954    60.0009042
 0000000786    5.00259954    5.00259954    60.0009042
 0000000787    5.00259954    5.00259954    60.0009042
 0000000788    5.00259954    5.00259954    60.0009042
 0000000789    5.00259954    5.00259954    60.0009042
 0000000790    5.00259954    5.00259954    60.0009042
 0000000791    5.00259954    5.00259954    60.0009042
 0000000792    5.00259954    5.00259954    60.0009042
 0000000793    4.97063496    4.97063496    60.0006397
 0000000794    4.97063496    4.97063496    60.0006397
 0000000795    4.97063496    4.97063496    60.0006397
 0000000796    4.97063496    4.97063496    60.0006397
 0000000797    4.97063496    4.97063496    60.0006397
 0000000798    4.97063496    4.97063496    60.0006397
 0000000799    4.97063496    4.97063496    60.0006397
 0000000800    4.97063496    4.97063496    60.0006397
 0000000801    4.97063496    4.97063496    60.0006397
 0000000802    4.97063496    4.97063496    60.0006397
 0000000803    4.97063496    4.97063496    60.0006397
 0000000804    4.93833545    4.93833545    60.0003053
 0000000805    4.93833545    4.93833545    60.0003053
 0000000806    4.93833545    4.93833545    60.0003053
 0000000807    4.93833545    4.93833545    60.0003053
 0000000808    4.93833545    4.93833545    60.0003053
 0000000809    4.93833545    4.93833545    60.0003053
 0000000810    4.93833545    4.93833545    60.0003053
 0000000811    4.93833545    4.93833545    60.0003053
 0000000812    4.93833545    4.93833545    60.0003053
 0000000813    4.93833545    4.93833545    60.0003053
 0000000814    4.93833545    4.93833545    60.0003053
 0000000815    4.90227773    4.90227773    59.9998678
 0000000816    4.90227773    4.90227773    59.9998678
 0000000817    4.90227773    4.90227773    59.9998678
 0000000818    4.90227773    4.90227773    59.9998678
 0000000819    4.90227773    4.90227773    59.9998678
 0000000820    4.90227773    4.90227773    59.9998678
 0000000821    4.90227773    4.90227773    59.9998678
 0000000822    4.90227773    4.90227773    59.9998678
 0000000823    4.90227773    4.90227773    59.9998678
 0000000824    4.90227773    4.90227773    59.9998678
 0000000825    4.90227773    4.90227773    59.9998678
 0000000826    4.80789599    4.80789599    59.9989422
 0000000827    4.80789600    4.80789600    59.9989422
 0000000828    4.80789600    4.80789600    59.9989422
 0000000829    4.80789600    4.80789600    59.9989422
 0000000830    4.80789600    4.80789600    59.9989422
 0000000831    4.80789600    4.80789600    59.9989422
 0000000832    4.80789600    4.80789600    59.9989422
 0000000833    4.80789600    4.80789600    59.9989422
 0000000834    4.80789600    4.80789600    59.9989422
 0000000835    4.80789600    4.80789600    59.9989422
 0000000836    4.80789599    4.80789599    59.9989422
 0000000837    4.00000000    4.00000000    59.9971564
 0000000838    4.00000000    4.00000000    59.9971565
 0000000839    4.00000000    4.00000000    59.9971565
 0000000840    4.00000000    4.00000000    59.9971565
 0000000841    4.00000000    4.00000000    59.9971565
 0000000842    4.00000000    4.00000000    59.9971565
 0000000843    4.00000000    4.00000000    59.9971565
 0000000844    4.00000000    4.00000000    59.9971565
 0000000845    4.00000000    4.00000000    59.9971565
 0000000846    4.00000000    4.00000000    59.9971565
 0000000847    4.00000000    4.00000000    59.9971564
 0000000848    6.00000000    6.00000000    59.9639125
 0000000849    6.00000000    6.00000000    59.9639125
 0000000850    6.00000000    6.00000000    59.9639125
 0000000851    6.00000000    6.00000000    59.9639125
 0000000852    6.00000000    6.00000000    59.9639125
 0000000853    6.00000000    6.00000000    59.9639125
 0000000854    6.00000000    6.00000000    59.9639125
 0000000855    6.00000000    6.00000000    59.9639125
 0000000856    6.00000000    6.00000000    59.9639125
 0000000857    6.00000000    6.00000000    59.9639125
 0000000858    6.00000000    6.00000000    59.9639125
 0000000859    5.80284217    5.80284217    59.9779530
 0000000860    5.80284217    5.80284217    59.9779530
 0000000861    5.80284217    5.80284217    59.9779530
 0000000862    5.80284217    5.80284217    59.9779530
 0000000863    5.80284217    5.80284217    59.9779530
 0000000864    5.80284217    5.80284217    59.9779530
 0000000865    5.80284217    5.80284217    59.9779530
 0000000866    5.80284217    5.80284217    59.9779530
 0000000867    5.80284217    5.80284217    59.9779530
 0000000868    5.80284217    5.80284217    59.9779530
 0000000869    5.80284217    5.80284217    59.9779530
 0000000870    5.60488886    5.60488886    59.9914384
 0000000871    5.60488886    5.60488886    59.9914384
 0000000872    5.60488886    5.60488886    59.9914384
 0000000873    5.60488886    5.60488886    59.9914384
 0000000874    5.60488886    5.60488886    59.9914384
 0000000875    5.60488886    5.60488886    59.9914384
 0000000876    5.60488886    5.60488886    59.9914384
 0000000877    5.60488886    5.60488886    59.9914384
 0000000878    5.60488886    5.60488886    59.9914384
 0000000879    5.60488886    5.60488886    59.9914384
 0000000880    5.60488886    5.60488886    59.9914384
 0000000881    5.40625268    5.40625268    59.9985505
 0000000882    5.40625268    5.40625268    59.9985505
 0000000883    5.40625268    5.40625268    59.9985505
 0000000884    5.40625268    5.40625268    59.9985505
 0000000885    5.40625268    5.40625268    59.9985505
 0000000886    5.40625268    5.40625268    59.9985505
 0000000887    5.40625268    5.40625268    59.9985505
 0000000888    5.40625268    5.40625268    59.9985505
 0000000889    5.40625268    5.40625268    59.9985505
 0000000890    5.40625268    5.40625268    59.9985505
 0000000891    5.40625268    5.40625268    59.9985505
 0000000892    5.20701091    5.20701091    60.0012575
 0000000893    5.20701091    5.20701091    60.0012575
 0000000894    5.20701091    5.20701091    60.0012575
 0000000895    5.20701091    5.20701091    60.0012575
 0000000896    5.20701091    5.20701091    60.0012575
 0000000897    5.20701091    5.20701091    60.0012575
 0000000898    5.20701091    5.20701091    60.0012575
 0000000899    5.20701091    5.20701091    60.0012575
 0000000900    5.20701091    5.20701091    60.0012575
 0000000901    5.20701091    5.20701091    60.0012575
 0000000902    5.20701091    5.20701091    60.0012575
 0000000903    5.00722154    5.00722154    60.0017076
 0000000904    5.00722154    5.00722154    60.0017076
 0000000905    5.00722154    5.00722154    60.0017076
 0000000906    5.00722154    5.00722154    60.0017076
 0000000907    5.00722154    5.00722154    60.0017076
 0000000908    5.00722154    5.00722154    60.0017076
 0000000909    5.00722154    5.00722154    60.0017076
 0000000910    5.00722154    5.00722154    60.0017076
 0000000911    5.00722154    5.00722154    60.0017076
 0000000912    5.00722154    5.00722154    60.0017076
 0000000913    5.00722154    5.00722154    60.0017076
 0000000914    4.80691808    4.80691808    60.0011399
 0000000915    4.80691808    4.80691808    60.0011399
 0000000916    4.80691808    4.80691808    60.0011399
 0000000917    4.80691808    4.80691808    60.0011399
 0000000918    4.80691808    4.80691808    60.0011399
 0000000919    4.80691808    4.80691808    60.0011399
 0000000920    4.80691808    4.80691808    60.0011399
 0000000921    4.80691808    4.80691808    60.0011399
 0000000922    4.80691808    4.80691808    60.0011399
 0000000923    4.80691808    4.80691808    60.0011399
 0000000924    4.80691808    4.80691808    60.0011399
 0000000925    4.60610277    4.60610277    60.0001242
 0000000926    4.60610277    4.60610277    60.0001242
 0000000927    4.60610277    4.60610277    60.0001242
 0000000928    4.60610277    4.60610277    60.0001242
 0000000929    4.60610277    4.60610277    60.0001242
 0000000930    4.60610277    4.60610277    60.0001242
 0000000931    4.60610277    4.60610277    60.0001242
 0000000932    4.60610277    4.60610277    60.0001242
 0000000933    4.60610277    4.60610277    60.0001242
 0000000934    4.60610277    4.60610277    60.0001242
 0000000935    4.60610277    4.60610277    60.0001242
 0000000936    4.40474025    4.40474025    59.9989237
 0000000937    4.40474025    4.40474025    59.9989237
 0000000938    4.40474025    4.40474025    59.9989237
 0000000939    4.40474025    4.40474025    59.9989237
 0000000940    4.40474025    4.40474025    59.9989237
 0000000941    4.40474025    4.40474025    59.9989237
 0000000942    4.40474025    4.40474025    59.9989237
 0000000943    4.40474025    4.40474025    59.9989237
 0000000944    4.40474025    4.40474025    59.9989237
 0000000945    4.40474025    4.40474025    59.9989237
 0000000946    4.40474025    4.40474025    59.9989237
 0000000947    4.20275036    4.20275036    59.9984746
 0000000948    4.20275036    4.20275036    59.9984747
 0000000949    4.20275036    4.20275036    59.9984747
 0000000950    4.20275036    4.20275036    59.9984747
 0000000951    4.20275036    4.20275036    59.9984747
 0000000952    4.20275036    4.20275036    59.9984747
 0000000953    4.20275036    4.20275036    59.9984747
 0000000954    4.20275036    4.20275036    59.9984747
 0000000955    4.20275036    4.20275036    59.9984747
 0000000956    4.20275036    4.20275036    59.9984747
 0000000957    4.20275036    4.20275036    59.9984746
 0000000958    4.00000000    4.00000000    60.0127278
 0000000959    4.00000000    4.00000000    60.0127287
 0000000960    4.00000000    4.00000000    60.0127287
 0000000961    4.00000000    4.00000000    60.0127287
 0000000962    4.00000000    4.00000000    60.0127287
 0000000963    4.00000000    4.00000000    60.0127287
 0000000964    4.00000000    4.00000000    60.0127287
 0000000965    4.00000000    4.00000000    60.0127287
 0000000966    4.00000000    4.00000000    60.0127287
 0000000967    4.00000000    4.00000000    60.0127287
 0000000968    4.00000000    4.00000000    60.0127278
 0000000969    6.00000000    6.00000000    59.8855889
 0000000970    6.00000000    6.00000000    59.8855889
 0000000971    6.00000000    6.00000000    59.8855889
 0000000972    6.00000000    6.00000000    59.8855889
 0000000973    6.00000000    6.00000000    59.8855889
 0000000974    6.00000000    6.00000000    59.8855889
 0000000975    6.00000000    6.00000000    59.8855889
 0000000976    6.00000000    6.00000000    59.8855889
 0000000977    6.00000000    6.00000000    59.8855889
 0000000978    6.00000000    6.00000000    59.8855889
 0000000979    6.00000000    6.00000000    59.8855889
 0000000980    5.80152506    5.80152506    59.7618060
 0000000981    5.80152506    5.80152506    59.7618060
 0000000982    5.80152506    5.80152506    59.7618060
 0000000983    5.80152506    5.80152506    59.7618060
 0000000984    5.80152506    5.80152506    59.7618060
 0000000985    5.80152506    5.80152506    59.7618060
 0000000986    5.80152506    5.80152506    59.7618060
 0000000987    5.80152506    5.80152506    59.7618060
 0000000988    5.80152506    5.80152506    59.7618060
 0000000989    5.80152506    5.80152506    59.7618060
 0000000990    5.80152506    5.80152506    59.7618060
 0000000991    5.60243707    5.60243707    59.6788721
 0000000992    5.60243707    5.60243707    59.6788721
 0000000993    5.60243707    5.60243707    59.6788721
 0000000994    5.60243707    5.60243707    59.6788721
 0000000995    5.60243707    5.60243707    59.6788721
 0000000996    5.60243707    5.60243707    59.6788721
 0000000997    5.60243707    5.60243707    59.6788721
 0000000998    5.60243707    5.60243707    59.6788721
 0000000999    5.60243707    5.60243707    59.6788721
 0000001000    5.60243707    5.60243707    59.6788721
 0000001001    5.60243707    5.60243707    59.6788721
 0000001002    5.40284121    5.40284121    59.6289506
 0000001003    5.40284121    5.40284121    59.6289506
 0000001004    5.40284121    5.40284121    59.6289506
 0000001005    5.40284121    5.40284121    59.6289506
 0000001006    5.40284121    5.40284121    59.6289506
 0000001007    5.40284121    5.40284121    59.6289506
 0000001008    5.40284121    5.40284121    59.6289506
 0000001009    5.40284121    5.40284121    59.6289506
 0000001010    5.40284121    5.40284121    59.6289506
 0000001011    5.40284121    5.40284121    59.6289506
 0000001012    5.40284121    5.40284121    59.6289506
 0000001013    5.20288633    5.20288633    59.6008503
 0000001014    5.20288633    5.20288633    59.6008503
 0000001015    5.20288633    5.20288633    59.6008503
 0000001016    5.20288633    5.20288633    59.6008503
 0000001017    5.20288633    5.20288633    59.6008503
 0000001018    5.20288633    5.20288633    59.6008503
 0000001019    5.20288633    5.20288633    59.6008503
 0000001020    5.20288633    5.20288633    59.6008503
 0000001021    5.20288633    5.20288633    59.6008503
 0000001022    5.20288633    5.20288633    59.6008503
 0000001023    5.20288633    5.20288633    59.6008503
 0000001024    5.00269045    5.00269045    59.5854635
 0000001025    5.00269045    5.00269045    59.5854635
 0000001026    5.00269045    5.00269045    59.5854635
 0000001027    5.00269045    5.00269045    59.5854635
 0000001028    5.00269045    5.00269045    59.5854635
 0000001029    5.00269045    5.00269045    59.5854635
 0000001030    5.00269045    5.00269045    59.5854635
 0000001031    5.00269045    5.00269045    59.5854635
 0000001032    5.00269045    5.00269045    59.5854635
 0000001033    5.00269045    5.00269045    59.5854635
 0000001034    5.00269045    5.00269045    59.5854635
 0000001035    4.80233094    4.80233094    59.5767796
 0000001036    4.80233094    4.80233094    59.5767796
 0000001037    4.80233094    4.80233094    59.5767796
 0000001038    4.80233094    4.80233094    59.5767796
 0000001039    4.80233094    4.80233094    59.5767796
 0000001040    4.80233094    4.80233094    59.5767796
 0000001041    4.80233094    4.80233094    59.5767796
 0000001042    4.80233094    4.80233094    59.5767796
 0000001043    4.80233094    4.80233094    59.5767796
 0000001044    4.80233094    4.80233094    59.5767796
 0000001045    4.80233094    4.80233094    59.5767796
 0000001046    4.60185425    4.60185425    59.5711570
 0000001047    4.60185425    4.60185425    59.5711570
 0000001048    4.60185425    4.60185425    59.5711570
 0000001049    4.60185425    4.60185425    59.5711570
 0000001050    4.60185425    4.60185425    59.5711570
 0000001051    4.60185425    4.60185425    59.5711570
 0000001052    4.60185425    4.60185425    59.5711570
 0000001053    4.60185425    4.60185425    59.5711570
 0000001054    4.60185425    4.60185425    59.5711570
 0000001055    4.60185425    4.60185425    59.5711570
 0000001056    4.60185425    4.60185425    59.5711570
 0000001057    4.40128868    4.40128868    59.5665680
 0000001058    4.40128868    4.40128868    59.5665680
 0000001059    4.40128868    4.40128868    59.5665680
 0000001060    4.40128868    4.40128868    59.5665680
 0000001061    4.40128868    4.40128868    59.5665680
 0000001062    4.40128868    4.40128868    59.5665680
 0000001063    4.40128868    4.40128868    59.5665680
 0000001064    4.40128868    4.40128868    59.5665680
 0000001065    4.40128868    4.40128868    59.5665680
 0000001066    4.40128868    4.40128868    59.5665680
 0000001067    4.40128868    4.40128868    59.5665680
 0000001068    4.20065784    4.20065784    59.5632066
 0000001069    4.20065784    4.20065784    59.5632067
 0000001070    4.20065784    4.20065784    59.5632067
 0000001071    4.20065784    4.20065784    59.5632067
 0000001072    4.20065784    4.20065784    59.5632067
 0000001073    4.20065784    4.20065784    59.5632067
 0000001074    4.20065784    4.20065784    59.5632067
 0000001075    4.20065784    4.20065784    59.5632067
 0000001076    4.20065784    4.20065784    59.5632067
 0000001077    4.20065784    4.20065784    59.5632067
 0000001078    4.20065784    4.20065784    59.5632066
 0000001079    4.00000000    4.00000000    59.5810540
 0000001080    4.00000000    4.00000000    59.5810569
 0000001081    4.00000000    4.00000000    59.5810570
 0000001082    4.00000000    4.00000000    59.5810570
 0000001083    4.00000000    4.00000000    59.5810570
 0000001084    4.00000000    4.00000000    59.5810570
 0000001085    4.00000000    4.00000000    59.5810570
 0000001086    4.00000000    4.00000000    59.5810570
 0000001087    4.00000000    4.00000000    59.5810570
 0000001088    4.00000000    4.00000000    59.5810569
 0000001089    4.00000000    4.00000000    59.5810540
 0000001090    6.00000000    6.00000000    58.3941727
 0000001091    6.00000000    6.00000000    58.3941727
 0000001092    6.00000000    6.00000000    58.3941727
 0000001093    6.00000000    6.00000000    58.3941727
 0000001094    6.00000000    6.00000000    58.3941727
 0000001095    6.00000000    6.00000000    58.3941727
 0000001096    6.00000000    6.00000000    58.3941727
 0000001097    6.00000000    6.00000000    58.3941727
 0000001098    6.00000000    6.00000000    58.3941727
 0000001099    6.00000000    6.00000000    58.3941727
 0000001100    6.00000000    6.00000000    58.3941727
 0000001101    5.80316342    5.80316342    57.0188385
 0000001102    5.80316342    5.80316342    57.0188385
 0000001103    5.80316342    5.80316342    57.0188385
 0000001104    5.80316342    5.80316342    57.0188385
 0000001105    5.80316342    5.80316342    57.0188385
 0000001106    5.80316342    5.80316342    57.0188385
 0000001107    5.80316342    5.80316342    57.0188385
 0000001108    5.80316342    5.80316342    57.0188385
 0000001109    5.80316342    5.80316342    57.0188385
 0000001110    5.80316342    5.80316342    57.0188385
 0000001111    5.80316342    5.80316342    57.0188385
 0000001112    5.60313007    5.60313007    56.3589546
 0000001113    5.60313007    5.60313007    56.3589546
 0000001114    5.60313007    5.60313007    56.3589546
 0000001115    5.60313007    5.60313007    56.3589546
 0000001116    5.60313007    5.60313007    56.3589546
 0000001117    5.60313007    5.60313007    56.3589546
 0000001118    5.60313007    5.60313007    56.3589546
 0000001119    5.60313007    5.60313007    56.3589546
 0000001120    5.60313007    5.60313007    56.3589546
 0000001121    5.60313007    5.60313007    56.3589546
 0000001122    5.60313007    5.60313007    56.3589546
 0000001123    5.40201242    5.40201242    56.0523466
 0000001124    5.40201242    5.40201242    56.0523466
 0000001125    5.40201242    5.40201242    56.0523466
 0000001126    5.40201242    5.40201242    56.0523466
 0000001127    5.40201242    5.40201242    56.0523466
 0000001128    5.40201242    5.40201242    56.0523466
 0000001129    5.40201242    5.40201242    56.0523466
 0000001130    5.40201242    5.40201242    56.0523466
 0000001131    5.40201242    5.40201242    56.0523466
 0000001132    5.40201242    5.40201242    56.0523466
 0000001133    5.40201242    5.40201242    56.0523466
 0000001134    5.20074906    5.20074906    55.9117637
 0000001135    5.20074906    5.20074906    55.9117637
 0000001136    5.20074906    5.20074906    55.9117637
 0000001137    5.20074906    5.20074906    55.9117637
 0000001138    5.20074906    5.20074906    55.9117637
 0000001139    5.20074906    5.20074906    55.9117637
 0000001140    5.20074906    5.20074906    55.9117637
 0000001141    5.20074906    5.20074906    55.9117637
 0000001142    5.20074906    5.20074906    55.9117637
 0000001143    5.20074906    5.20074906    55.9117637
 0000001144    5.20074906    5.20074906    55.9117637
 0000001145    4.99970601    4.99970601    55.8469002
 0000001146    4.99970601    4.99970601    55.8469002
 0000001147    4.99970601    4.99970601    55.8469002
 0000001148    4.99970601    4.99970601    55.8469002
 0000001149    4.99970601    4.99970601    55.8469002
 0000001150    4.99970601    4.99970601    55.8469002
 0000001151    4.99970601    4.99970601    55.8469002
 0000001152    4.99970601    4.99970601    55.8469002
 0000001153    4.99970601    4.99970601    55.8469002
 0000001154    4.99970601    4.99970601    55.8469002
 0000001155    4.99970601    4.99970601    55.8469002
 0000001156    4.79900627    4.79900627    55.8156093
 0000001157    4.79900627    4.79900627    55.8156093
 0000001158    4.79900627    4.79900627    55.8156093
 0000001159    4.79900627    4.79900627    55.8156093
 0000001160    4.79900627    4.79900627    55.8156093
 0000001161    4.79900627    4.79900627    55.8156093
 0000001162    4.79900627    4.79900627    55.8156093
 0000001163    4.79900627    4.79900627    55.8156093
 0000001164    4.79900627    4.79900627    55.8156093
 0000001165    4.79900627    4.79900627    55.8156093
 0000001166    4.79900627    4.79900627    55.8156093
 0000001167    4.59868375    4.59868375    55.7974720
 0000001168    4.59868375    4.59868375    55.7974720
 0000001169    4.59868375    4.59868375    55.7974720
 0000001170    4.59868375    4.59868375    55.7974720
 0000001171    4.59868375    4.59868375    55.7974720
 0000001172    4.59868375    4.59868375    55.7974720
 0000001173    4.59868375    4.59868375    55.7974720
 0000001174    4.59868375    4.59868375    55.7974720
 0000001175    4.59868375    4.59868375    55.7974720
 0000001176    4.59868375    4.59868375    55.7974720
 0000001177    4.59868375    4.59868375    55.7974720
 0000001178    4.39874408    4.39874408    55.7824388
 0000001179    4.39874408    4.39874408    55.7824388
 0000001180    4.39874408    4.39874408    55.7824388
 0000001181    4.39874408    4.39874408    55.7824388
 0000001182    4.39874408    4.39874408    55.7824388
 0000001183    4.39874408    4.39874408    55.7824388
 0000001184    4.39874408    4.39874408    55.7824388
 0000001185    4.39874408    4.39874408    55.7824388
 0000001186    4.39874408    4.39874408    55.7824388
 0000001187    4.39874408    4.39874408    55.7824388
 0000001188    4.39874408    4.39874408    55.7824388
 0000001189    4.19918485    4.19918485    55.7676305
 0000001190    4.19918485    4.19918485    55.7676306
 0000001191    4.19918485    4.19918485    55.7676306
 0000001192    4.19918485    4.19918485    55.7676306
 0000001193    4.19918485    4.19918485    55.7676306
 0000001194    4.19918485    4.19918485    55.7676306
 0000001195    4.19918485    4.19918485    55.7676306
 0000001196    4.19918485    4.19918485    55.7676306
 0000001197    4.19918485    4.19918485    55.7676306
 0000001198    4.19918485    4.19918485    55.7676306
 0000001199    4.19918485    4.19918485    55.7676305
 0000001200    4.00000000    4.00000000    55.7937177
 0000001201    4.00000000    4.00000000    55.7937202
 0000001202    4.00000000    4.00000000    55.7937206
 0000001203    4.00000000    4.00000000    55.7937207
 0000001204    4.00000000    4.00000000    55.7937207
 0000001205    4.00000000    4.00000000    55.7937207
 0000001206    4.00000000    4.00000000    55.7937207
 0000001207    4.00000000    4.00000000    55.7937207
 0000001208    4.00000000    4.00000000    55.7937206
 0000001209    4.00000000    4.00000000    55.7937202
 0000001210    4.00000000    4.00000000    55.7937177
 0000001211    6.00000000    6.00000000    30.0000000
 0000001212    6.00000000    6.00000000    30.0000000
 0000001213    6.00000000    6.00000000    30.0000000
 0000001214    6.00000000    6.00000000    30.0000000
 0000001215    6.00000000    6.00000000    30.0000000
 0000001216    6.00000000    6.00000000    30.0000000
 0000001217    6.00000000    6.00000000    30.0000000
 0000001218    6.00000000    6.00000000    30.0000000
 0000001219    6.00000000    6.00000000    30.0000000
 0000001220    6.00000000    6.00000000    30.0000000
 0000001221    6.00000000    6.00000000    30.0000000
 0000001222    5.79741405    5.79741405    30.0000000
 0000001223    5.79741405    5.79741405    30.0000000
 0000001224    5.79741405    5.79741405    30.0000000
 0000001225    5.79741405    5.79741405    30.0000000
 0000001226    5.79741405    5.79741405    30.0000000
 0000001227    5.79741405    5.79741405    30.0000000
 0000001228    5.79741405    5.79741405    30.0000000
 0000001229    5.79741405    5.79741405    30.0000000
 0000001230    5.79741405    5.79741405    30.0000000
 0000001231    5.79741405    5.79741405    30.0000000
 0000001232    5.79741405    5.79741405    30.0000000
 0000001233    5.59560168    5.59560168    30.0000000
 0000001234    5.59560168    5.59560168    30.0000000
 0000001235    5.59560168    5.59560168    30.0000000
 0000001236    5.59560168    5.59560168    30.0000000
 0000001237    5.59560168    5.59560168    30.0000000
 0000001238    5.59560168    5.59560168    30.0000000
 0000001239    5.59560168    5.59560168    30.0000000
 0000001240    5.59560168    5.59560168    30.0000000
 0000001241    5.59560168    5.59560168    30.0000000
 0000001242    5.59560168    5.59560168    30.0000000
 0000001243    5.59560168    5.59560168    30.0000000
 0000001244    5.39420737    5.39420737    30.0000000
 0000001245    5.39420737    5.39420737    30.0000000
 0000001246    5.39420737    5.39420737    30.0000000
 0000001247    5.39420737    5.39420737    30.0000000
 0000001248    5.39420737    5.39420737    30.0000000
 0000001249    5.39420737    5.39420737    30.0000000
 0000001250    5.39420737    5.39420737    30.0000000
 0000001251    5.39420737    5.39420737    30.0000000
 0000001252    5.39420737    5.39420737    30.0000000
 0000001253    5.39420737    5.39420737    30.0000000
 0000001254    5.39420737    5.39420737    30.0000000
 0000001255    5.19317578    5.19317578    30.0000000
 0000001256    5.19317578    5.19317578    30.0000000
 0000001257    5.19317578    5.19317578    30.0000000
 0000001258    5.19317578    5.19317578    30.0000000
 0000001259    5.19317578    5.19317578    30.0000000
 0000001260    5.19317578    5.19317578    30.0000000
 0000001261    5.19317578    5.19317578    30.0000000
 0000001262    5.19317578    5.19317578    30.0000000
 0000001263    5.19317578    5.19317578    30.0000000
 0000001264    5.19317578    5.19317578    30.0000000
 0000001265    5.19317578    5.19317578    30.0000000
 0000001266    4.99255314    4.99255314    30.0000000
 0000001267    4.99255314    4.99255314    30.0000000
 0000001268    4.99255314    4.99255314    30.0000000
 0000001269    4.99255314    4.99255314    30.0000000
 0000001270    4.99255314    4.99255314    30.0000000
 0000001271    4.99255314    4.99255314    30.0000000
 0000001272    4.99255314    4.99255314    30.0000000
 0000001273    4.99255314    4.99255314    30.0000000
 0000001274    4.99255314    4.99255314    30.0000000
 0000001275    4.99255314    4.99255314    30.0000000
 0000001276    4.99255314    4.99255314    30.0000000
 0000001277    4.79242338    4.79242338    30.0000000
 0000001278    4.79242338    4.79242338    30.0000000
 0000001279    4.79242338    4.79242338    30.0000000
 0000001280    4.79242338    4.79242338    30.0000000
 0000001281    4.79242338    4.79242338    30.0000000
 0000001282    4.79242338    4.79242338    30.0000000
 0000001283    4.79242338    4.79242338    30.0000000
 0000001284    4.79242338    4.79242338    30.0000000
 0000001285    4.79242338    4.79242338    30.0000000
 0000001286    4.79242338    4.79242338    30.0000000
 0000001287    4.79242338    4.79242338    30.0000000
 0000001288    4.59290031    4.59290031    30.0000000
 0000001289    4.59290031    4.59290031    30.0000000
 0000001290    4.59290031    4.59290031    30.0000000
 0000001291    4.59290031    4.59290031    30.0000000
 0000001292    4.59290031    4.59290031    30.0000000
 0000001293    4.59290031    4.59290031    30.0000000
 0000001294    4.59290031    4.59290031    30.0000000
 0000001295    4.59290031    4.59290031    30.0000000
 0000001296    4.59290031    4.59290031    30.0000000
 0000001297    4.59290031    4.59290031    30.0000000
 0000001298    4.59290031    4.59290031    30.0000000
 0000001299    4.39414367    4.39414367    30.0000000
 0000001300    4.39414367    4.39414367    30.0000000
 0000001301    4.39414367    4.39414367    30.0000000
 0000001302    4.39414367    4.39414367    30.0000000
 0000001303    4.39414367    4.39414367    30.0000000
 0000001304    4.39414367    4.39414367    30.0000000
 0000001305    4.39414367    4.39414367    30.0000000
 0000001306    4.39414367    4.39414367    30.0000000
 0000001307    4.39414367    4.39414367    30.0000000
 0000001308    4.39414367    4.39414367    30.0000000
 0000001309    4.39414367    4.39414367    30.0000000
 0000001310    4.19638990    4.19638990    30.0000000
 0000001311    4.19638990    4.19638990    30.0000000
 0000001312    4.19638990    4.19638990    30.0000000
 0000001313    4.19638990    4.19638990    30.0000000
 0000001314    4.19638990    4.19638990    30.0000000
 0000001315    4.19638990    4.19638990    30.0000000
 0000001316    4.19638990    4.19638990    30.0000000
 0000001317    4.19638990    4.19638990    30.0000000
 0000001318    4.19638990    4.19638990    30.0000000
 0000001319    4.19638990    4.19638990    30.0000000
 0000001320    4.19638990    4.19638990    30.0000000
 0000001321    4.00000000    4.00000000    30.0000000
 0000001322    4.00000000    4.00000000    30.0000000
 0000001323    4.00000000    4.00000000    30.0000000
 0000001324    4.00000000    4.00000000    30.0000000
 0000001325    4.00000000    4.00000000    30.0000000
 0000001326    4.00000000    4.00000000    30.0000000
 0000001327    4.00000000    4.00000000    30.0000000
 0000001328    4.00000000    4.00000000    30.0000000
 0000001329    4.00000000    4.00000000    30.0000000
 0000001330    4.00000000    4.00000000    30.0000000
 0000001331    4.00000000    4.00000000    30.0000000
